0.84165, 0.84515, 0
0.84071, 0.84418, 0.040161
0.83789, 0.84127, 0.080321
0.8332, 0.83644, 0.12048
0.82669, 0.82972, 0.16064
0.81839, 0.82116, 0.2008
0.80835, 0.81082, 0.24096
0.79664, 0.79877, 0.28112
0.78332, 0.78508, 0.32129
0.76849, 0.76986, 0.36145
0.75223, 0.75319, 0.40161
0.73464, 0.73518, 0.44177
0.71582, 0.71596, 0.48193
0.6959, 0.69563, 0.52209
0.67498, 0.67433, 0.56225
0.65318, 0.65217, 0.60241
0.63062, 0.62929, 0.64257
0.60744, 0.60582, 0.68273
0.58375, 0.58187, 0.72289
0.55967, 0.55759, 0.76305
0.53534, 0.53309, 0.80321
0.51086, 0.5085, 0.84337
0.48635, 0.48392, 0.88353
0.46193, 0.45947, 0.92369
0.43769, 0.43526, 0.96386
0.41375, 0.41137, 1.004
0.39018, 0.38789, 1.0442
0.36708, 0.36492, 1.0843
0.34452, 0.34251, 1.1245
0.32257, 0.32074, 1.1647
0.3013, 0.29967, 1.2048
0.28076, 0.27933, 1.245
0.26099, 0.25977, 1.2851
0.24203, 0.24103, 1.3253
0.22391, 0.22313, 1.3655
0.20664, 0.20608, 1.4056
0.19026, 0.18989, 1.4458
0.17475, 0.17458, 1.4859
0.16012, 0.16012, 1.5261
0.14637, 0.14653, 1.5663
0.13348, 0.13378, 1.6064
0.12144, 0.12187, 1.6466
0.11022, 0.11075, 1.6867
0.099804, 0.10042, 1.7269
0.090161, 0.090844, 1.7671
0.08126, 0.081991, 1.8072
0.073068, 0.07383, 1.8474
0.065551, 0.066329, 1.8876
0.058673, 0.059453, 1.9277
0.052398, 0.053167, 1.9679
0.046689, 0.047436, 2.008
0.041509, 0.042225, 2.0482
0.036823, 0.037501, 2.0884
0.032595, 0.033228, 2.1285
0.02879, 0.029374, 2.1687
0.025375, 0.025908, 2.2088
0.022318, 0.022798, 2.249
0.019589, 0.020015, 2.2892
0.017159, 0.017532, 2.3293
0.015, 0.015321, 2.3695
0.013087, 0.013358, 2.4096
0.011395, 0.01162, 2.4498
0.0099038, 0.010085, 2.49
0.0085915, 0.0087322, 2.5301
0.0074395, 0.0075436, 2.5703
0.0064305, 0.0065018, 2.6104
0.0055488, 0.005591, 2.6506
0.0047798, 0.0047968, 2.6908
0.0041106, 0.0041059, 2.7309
0.0035295, 0.0035064, 2.7711
0.0030258, 0.0029875, 2.8112
0.0025901, 0.0025396, 2.8514
0.0022139, 0.0021539, 2.8916
0.0018897, 0.0018225, 2.9317
0.0016108, 0.0015386, 2.9719
0.0013713, 0.0012959, 3.012
0.0011659, 0.001089, 3.0522
0.00099013, 0.000913, 3.0924
0.00083988, 0.0007637, 3.1325
0.00071165, 0.00063734, 3.1727
0.00060237, 0.00053066, 3.2129
0.00050937, 0.00044082, 3.253
0.00043033, 0.00036535, 3.2932
0.00036323, 0.0003021, 3.3333
0.00030634, 0.00024923, 3.3735
0.00025816, 0.00020514, 3.4137
0.0002174, 0.00016846, 3.4538
0.00018295, 0.00013802, 3.494
0.00015386, 0.00011282, 3.5341
0.00012932, 9.2005e-05, 3.5743
0.00010863, 7.4861e-05, 3.6145
9.1204e-05, 6.0771e-05, 3.6546
7.6539e-05, 4.9219e-05, 3.6948
6.4205e-05, 3.9771e-05, 3.7349
5.3837e-05, 3.2063e-05, 3.7751
4.5127e-05, 2.579e-05, 3.8153
3.7813e-05, 2.0696e-05, 3.8554
3.1676e-05, 1.657e-05, 3.8956
2.6528e-05, 1.3236e-05, 3.9357
2.2211e-05, 1.0548e-05, 3.9759
1.8592e-05, 8.3873e-06, 4.0161
1.556e-05, 6.6536e-06, 4.0562
1.302e-05, 5.2661e-06, 4.0964
1.0893e-05, 4.1584e-06, 4.1365
9.1127e-06, 3.2761e-06, 4.1767
7.6221e-06, 2.575e-06, 4.2169
6.3747e-06, 2.0194e-06, 4.257
5.331e-06, 1.58e-06, 4.2972
4.4577e-06, 1.2333e-06, 4.3373
3.7273e-06, 9.6051e-07, 4.3775
3.1163e-06, 7.4633e-07, 4.4177
2.6054e-06, 5.7857e-07, 4.4578
2.1781e-06, 4.4749e-07, 4.498
1.8209e-06, 3.4531e-07, 4.5382
1.5221e-06, 2.6585e-07, 4.5783
1.2724e-06, 2.042e-07, 4.6185
1.0636e-06, 1.5649e-07, 4.6586
8.8905e-07, 1.1965e-07, 4.6988
7.4313e-07, 9.1269e-08, 4.739
6.2115e-07, 6.9462e-08, 4.7791
5.1919e-07, 5.2743e-08, 4.8193
4.3396e-07, 3.9956e-08, 4.8594
3.6272e-07, 3.02e-08, 4.8996
3.0317e-07, 2.2773e-08, 4.9398
2.5339e-07, 1.7133e-08, 4.9799
2.1179e-07, 1.2861e-08, 5.0201
1.7702e-07, 9.6311e-09, 5.0602
1.4795e-07, 7.196e-09, 5.1004
1.2366e-07, 5.3643e-09, 5.1406
1.0336e-07, 3.9896e-09, 5.1807
8.6387e-08, 2.9603e-09, 5.2209
7.2203e-08, 2.1916e-09, 5.261
6.0348e-08, 1.6187e-09, 5.3012
5.0439e-08, 1.1928e-09, 5.3414
4.2157e-08, 8.7698e-10, 5.3815
3.5235e-08, 6.4328e-10, 5.4217
2.945e-08, 4.7077e-10, 5.4618
2.4614e-08, 3.4373e-10, 5.502
2.0573e-08, 2.504e-10, 5.5422
1.7195e-08, 1.8199e-10, 5.5823
1.4371e-08, 1.3196e-10, 5.6225
1.2012e-08, 9.5467e-11, 5.6627
1.0039e-08, 6.8906e-11, 5.7028
8.3908e-09, 4.9621e-11, 5.743
7.0131e-09, 3.5651e-11, 5.7831
5.8616e-09, 2.5555e-11, 5.8233
4.8991e-09, 1.8276e-11, 5.8635
4.0947e-09, 1.304e-11, 5.9036
3.4223e-09, 9.2829e-12, 5.9438
2.8604e-09, 6.593e-12, 5.9839
2.3907e-09, 4.6718e-12, 6.0241
1.9982e-09, 3.3028e-12, 6.0643
1.6701e-09, 2.3296e-12, 6.1044
1.3959e-09, 1.6394e-12, 6.1446
1.1667e-09, 1.151e-12, 6.1847
9.751e-10, 8.0627e-13, 6.2249
8.1499e-10, 5.6348e-13, 6.2651
6.8117e-10, 3.9289e-13, 6.3052
5.6932e-10, 2.7332e-13, 6.3454
4.7584e-10, 1.897e-13, 6.3855
3.9771e-10, 1.3136e-13, 6.4257
3.3241e-10, 9.0751e-14, 6.4659
2.7783e-10, 6.2552e-14, 6.506
2.3221e-10, 4.3017e-14, 6.5462
1.9408e-10, 2.9514e-14, 6.5863
1.6221e-10, 2.0203e-14, 6.6265
1.3558e-10, 1.3798e-14, 6.6667
1.1332e-10, 9.4015e-15, 6.7068
9.4709e-11, 6.3913e-15, 6.747
7.9158e-11, 4.3349e-15, 6.7871
6.6161e-11, 2.9334e-15, 6.8273
5.5297e-11, 1.9804e-15, 6.8675
4.6218e-11, 1.3339e-15, 6.9076
3.8629e-11, 8.9644e-16, 6.9478
3.2286e-11, 6.0105e-16, 6.988
2.6985e-11, 4.0206e-16, 7.0281
2.2554e-11, 2.6833e-16, 7.0683
1.8851e-11, 1.7867e-16, 7.1084
1.5755e-11, 1.187e-16, 7.1486
1.3168e-11, 7.8673e-17, 7.1888
1.1006e-11, 5.2024e-17, 7.2289
9.199e-12, 3.4323e-17, 7.2691
7.6885e-12, 2.2593e-17, 7.3092
6.4261e-12, 1.4837e-17, 7.3494
5.3709e-12, 9.7213e-18, 7.3896
4.489e-12, 6.3548e-18, 7.4297
3.7519e-12, 4.1446e-18, 7.4699
3.1359e-12, 2.6968e-18, 7.51
2.621e-12, 1.7508e-18, 7.5502
2.1906e-12, 1.134e-18, 7.5904
1.8309e-12, 7.3279e-19, 7.6305
1.5303e-12, 4.7245e-19, 7.6707
1.279e-12, 3.039e-19, 7.7108
1.069e-12, 1.9503e-19, 7.751
8.9348e-13, 1.2487e-19, 7.7912
7.4677e-13, 7.977e-20, 7.8313
6.2415e-13, 5.0841e-20, 7.8715
5.2167e-13, 3.2328e-20, 7.9116
4.3601e-13, 2.0509e-20, 7.9518
3.6442e-13, 1.2981e-20, 7.992
3.0458e-13, 8.1976e-21, 8.0321
2.5457e-13, 5.1648e-21, 8.0723
2.1277e-13, 3.2465e-21, 8.1124
1.7783e-13, 2.036e-21, 8.1526
1.4863e-13, 1.274e-21, 8.1928
1.2423e-13, 7.9528e-22, 8.2329
1.0383e-13, 4.9531e-22, 8.2731
8.6782e-14, 3.0778e-22, 8.3133
7.2533e-14, 1.9081e-22, 8.3534
6.0623e-14, 1.1802e-22, 8.3936
5.0669e-14, 7.2833e-23, 8.4337
4.2349e-14, 4.4843e-23, 8.4739
3.5395e-14, 2.7546e-23, 8.5141
2.9584e-14, 1.6881e-23, 8.5542
2.4726e-14, 1.0322e-23, 8.5944
2.0666e-14, 6.2969e-24, 8.6345
1.7273e-14, 3.8325e-24, 8.6747
1.4436e-14, 2.3272e-24, 8.7149
1.2066e-14, 1.4099e-24, 8.755
1.0085e-14, 8.5222e-25, 8.7952
8.4288e-15, 5.1393e-25, 8.8353
7.0448e-15, 3.0921e-25, 8.8755
5.8879e-15, 1.8562e-25, 8.9157
4.9211e-15, 1.1116e-25, 8.9558
4.1129e-15, 6.6423e-26, 8.996
3.4375e-15, 3.9598e-26, 9.0361
2.8729e-15, 2.3552e-26, 9.0763
2.401e-15, 1.3976e-26, 9.1165
2.0065e-15, 8.2741e-27, 9.1566
1.6768e-15, 4.8873e-27, 9.1968
1.4011e-15, 2.8802e-27, 9.2369
1.1707e-15, 1.6934e-27, 9.2771
9.7799e-16, 9.9337e-28, 9.3173
8.1685e-16, 5.8137e-28, 9.3574
6.8206e-16, 3.3947e-28, 9.3976
5.6928e-16, 1.9776e-28, 9.4378
4.7485e-16, 1.1494e-28, 9.4779
3.9575e-16, 6.6655e-29, 9.5181
3.2941e-16, 3.8563e-29, 9.5582
2.7369e-16, 2.226e-29, 9.5984
2.2681e-16, 1.2819e-29, 9.6386
1.8724e-16, 7.3655e-30, 9.6787
1.5371e-16, 4.2222e-30, 9.7189
1.2514e-16, 2.4148e-30, 9.759
1.006e-16, 1.3779e-30, 9.7992
7.9313e-17, 7.8443e-31, 9.8394
6.0582e-17, 4.4555e-31, 9.8795
4.3805e-17, 2.5248e-31, 9.9197
2.8441e-17, 1.4275e-31, 9.9598
1.3995e-17, 8.052e-32, 10
0.7428, 0.74536, 0
0.74215, 0.74469, 0.040161
0.7402, 0.74269, 0.080321
0.73696, 0.73937, 0.12048
0.73244, 0.73475, 0.16064
0.72667, 0.72884, 0.2008
0.71968, 0.7217, 0.24096
0.71151, 0.71334, 0.28112
0.70219, 0.70381, 0.32129
0.69177, 0.69317, 0.36145
0.68031, 0.68147, 0.40161
0.66785, 0.66877, 0.44177
0.65447, 0.65513, 0.48193
0.64021, 0.64062, 0.52209
0.62516, 0.6253, 0.56225
0.60937, 0.60926, 0.60241
0.59293, 0.59257, 0.64257
0.5759, 0.57531, 0.68273
0.55837, 0.55755, 0.72289
0.54039, 0.53936, 0.76305
0.52206, 0.52084, 0.80321
0.50344, 0.50205, 0.84337
0.48461, 0.48308, 0.88353
0.46564, 0.46399, 0.92369
0.4466, 0.44485, 0.96386
0.42756, 0.42574, 1.004
0.40859, 0.40672, 1.0442
0.38974, 0.38786, 1.0843
0.37109, 0.36921, 1.1245
0.35267, 0.35083, 1.1647
0.33456, 0.33276, 1.2048
0.31678, 0.31506, 1.245
0.2994, 0.29777, 1.2851
0.28245, 0.28092, 1.3253
0.26596, 0.26455, 1.3655
0.24996, 0.24869, 1.4056
0.2345, 0.23336, 1.4458
0.21957, 0.21859, 1.4859
0.20522, 0.20438, 1.5261
0.19144, 0.19075, 1.5663
0.17826, 0.17772, 1.6064
0.16567, 0.16528, 1.6466
0.15368, 0.15343, 1.6867
0.1423, 0.14218, 1.7269
0.13151, 0.13152, 1.7671
0.12131, 0.12143, 1.8072
0.1117, 0.11193, 1.8474
0.10265, 0.10298, 1.8876
0.09417, 0.094574, 1.9277
0.086227, 0.086701, 1.9679
0.07881, 0.079341, 2.008
0.0719, 0.072476, 2.0482
0.065476, 0.066086, 2.0884
0.059519, 0.060152, 2.1285
0.054006, 0.054653, 2.1687
0.048918, 0.049567, 2.2088
0.04423, 0.044875, 2.249
0.039922, 0.040553, 2.2892
0.035971, 0.036583, 2.3293
0.032355, 0.032942, 2.3695
0.029053, 0.02961, 2.4096
0.026045, 0.026567, 2.4498
0.023309, 0.023795, 2.49
0.020826, 0.021274, 2.5301
0.018578, 0.018985, 2.5703
0.016546, 0.016913, 2.6104
0.014713, 0.01504, 2.6506
0.013063, 0.01335, 2.6908
0.011581, 0.011829, 2.7309
0.010251, 0.010463, 2.7711
0.0090607, 0.0092373, 2.8112
0.007997, 0.008141, 2.8514
0.0070483, 0.0071619, 2.8916
0.0062036, 0.0062893, 2.9317
0.0054526, 0.0055131, 2.9719
0.0047863, 0.0048241, 3.012
0.0041959, 0.0042136, 3.0522
0.0036737, 0.0036738, 3.0924
0.0032126, 0.0031974, 3.1325
0.0028059, 0.0027778, 3.1727
0.0024479, 0.0024089, 3.2129
0.0021331, 0.0020853, 3.253
0.0018567, 0.001802, 3.2932
0.0016144, 0.0015543, 3.3333
0.0014022, 0.0013383, 3.3735
0.0012167, 0.0011502, 3.4137
0.0010547, 0.00098682, 3.4538
0.0009134, 0.00084511, 3.494
0.00079028, 0.00072246, 3.5341
0.00068315, 0.0006165, 3.5743
0.00059003, 0.00052514, 3.6145
0.00050917, 0.00044652, 3.6546
0.00043904, 0.00037899, 3.6948
0.00037827, 0.0003211, 3.7349
0.00032567, 0.00027156, 3.7751
0.00028017, 0.00022925, 3.8153
0.00024087, 0.00019319, 3.8554
0.00020693, 0.00016251, 3.8956
0.00017766, 0.00013646, 3.9357
0.00015243, 0.00011438, 3.9759
0.00013071, 9.5697e-05, 4.0161
0.00011202, 7.9925e-05, 4.0562
9.5942e-05, 6.6632e-05, 4.0964
8.2129e-05, 5.5451e-05, 4.1365
7.0268e-05, 4.6063e-05, 4.1767
6.0089e-05, 3.8197e-05, 4.2169
5.136e-05, 3.1617e-05, 4.257
4.3878e-05, 2.6123e-05, 4.2972
3.7469e-05, 2.1546e-05, 4.3373
3.1983e-05, 1.7738e-05, 4.3775
2.7288e-05, 1.4578e-05, 4.4177
2.3273e-05, 1.1959e-05, 4.4578
1.9841e-05, 9.7929e-06, 4.498
1.6908e-05, 8.0048e-06, 4.5382
1.4404e-05, 6.5315e-06, 4.5783
1.2266e-05, 5.3199e-06, 4.6185
1.0442e-05, 4.3252e-06, 4.6586
8.8868e-06, 3.5102e-06, 4.6988
7.5605e-06, 2.8437e-06, 4.739
6.4302e-06, 2.2996e-06, 4.7791
5.4672e-06, 1.8563e-06, 4.8193
4.6471e-06, 1.4958e-06, 4.8594
3.9489e-06, 1.2031e-06, 4.8996
3.3548e-06, 9.6598e-07, 4.9398
2.8492e-06, 7.7419e-07, 4.9799
2.4193e-06, 6.1937e-07, 5.0201
2.0537e-06, 4.9462e-07, 5.0602
1.743e-06, 3.9429e-07, 5.1004
1.4789e-06, 3.1375e-07, 5.1406
1.2545e-06, 2.4922e-07, 5.1807
1.064e-06, 1.976e-07, 5.2209
9.0221e-07, 1.5639e-07, 5.261
7.6487e-07, 1.2356e-07, 5.3012
6.483e-07, 9.7443e-08, 5.3414
5.4939e-07, 7.671e-08, 5.3815
4.6549e-07, 6.0279e-08, 5.4217
3.9432e-07, 4.7284e-08, 5.4618
3.3398e-07, 3.7023e-08, 5.502
2.8282e-07, 2.8937e-08, 5.5422
2.3946e-07, 2.2577e-08, 5.5823
2.0271e-07, 1.7583e-08, 5.6225
1.7157e-07, 1.3669e-08, 5.6627
1.452e-07, 1.0608e-08, 5.7028
1.2286e-07, 8.2169e-09, 5.743
1.0394e-07, 6.3536e-09, 5.7831
8.7921e-08, 4.9041e-09, 5.8233
7.4361e-08, 3.7785e-09, 5.8635
6.2884e-08, 2.906e-09, 5.9036
5.317e-08, 2.231e-09, 5.9438
4.4952e-08, 1.7097e-09, 5.9839
3.7998e-08, 1.3079e-09, 6.0241
3.2117e-08, 9.987e-10, 6.0643
2.7142e-08, 7.6124e-10, 6.1044
2.2935e-08, 5.7921e-10, 6.1446
1.9378e-08, 4.3991e-10, 6.1847
1.637e-08, 3.3352e-10, 6.2249
1.3828e-08, 2.524e-10, 6.2651
1.1679e-08, 1.9067e-10, 6.3052
9.8636e-09, 1.4378e-10, 6.3454
8.3291e-09, 1.0823e-10, 6.3855
7.0326e-09, 8.1323e-11, 6.4257
5.9374e-09, 6.0995e-11, 6.4659
5.0122e-09, 4.5667e-11, 6.506
4.2307e-09, 3.413e-11, 6.5462
3.5708e-09, 2.5461e-11, 6.5863
3.0135e-09, 1.8961e-11, 6.6265
2.5429e-09, 1.4094e-11, 6.6667
2.1456e-09, 1.0458e-11, 6.7068
1.8103e-09, 7.7463e-12, 6.747
1.5272e-09, 5.7273e-12, 6.7871
1.2883e-09, 4.227e-12, 6.8273
1.0866e-09, 3.1141e-12, 6.8675
9.1647e-10, 2.2901e-12, 6.9076
7.729e-10, 1.6811e-12, 6.9478
6.5177e-10, 1.2319e-12, 6.988
5.4957e-10, 9.0106e-13, 7.0281
4.6337e-10, 6.579e-13, 7.0683
3.9066e-10, 4.7951e-13, 7.1084
3.2933e-10, 3.4886e-13, 7.1486
2.7761e-10, 2.5335e-13, 7.1888
2.34e-10, 1.8366e-13, 7.2289
1.9722e-10, 1.329e-13, 7.2691
1.6621e-10, 9.6001e-14, 7.3092
1.4007e-10, 6.9221e-14, 7.3494
1.1803e-10, 4.9822e-14, 7.3896
9.9454e-11, 3.5795e-14, 7.4297
8.3795e-11, 2.5672e-14, 7.4699
7.0597e-11, 1.8378e-14, 7.51
5.9474e-11, 1.3133e-14, 7.5502
5.0101e-11, 9.3683e-15, 7.5904
4.2202e-11, 6.6708e-15, 7.6305
3.5546e-11, 4.7414e-15, 7.6707
2.9938e-11, 3.3641e-15, 7.7108
2.5214e-11, 2.3826e-15, 7.751
2.1233e-11, 1.6844e-15, 7.7912
1.7881e-11, 1.1887e-15, 7.8313
1.5056e-11, 8.3736e-16, 7.8715
1.2677e-11, 5.8881e-16, 7.9116
1.0674e-11, 4.133e-16, 7.9518
8.9863e-12, 2.8958e-16, 7.992
7.5653e-12, 2.0254e-16, 8.0321
6.3686e-12, 1.414e-16, 8.0723
5.361e-12, 9.8544e-17, 8.1124
4.5125e-12, 6.8553e-17, 8.1526
3.7982e-12, 4.7604e-17, 8.1928
3.1967e-12, 3.2998e-17, 8.2329
2.6904e-12, 2.2832e-17, 8.2731
2.2642e-12, 1.577e-17, 8.3133
1.9054e-12, 1.0873e-17, 8.3534
1.6034e-12, 7.4827e-18, 8.3936
1.3492e-12, 5.1405e-18, 8.4337
1.1352e-12, 3.5251e-18, 8.4739
9.5514e-13, 2.413e-18, 8.5141
8.036e-13, 1.6488e-18, 8.5542
6.7607e-13, 1.1246e-18, 8.5944
5.6876e-13, 7.6572e-19, 8.6345
4.7846e-13, 5.2041e-19, 8.6747
4.0248e-13, 3.5306e-19, 8.7149
3.3855e-13, 2.3909e-19, 8.755
2.8476e-13, 1.6163e-19, 8.7952
2.3951e-13, 1.0906e-19, 8.8353
2.0144e-13, 7.3462e-20, 8.8755
1.6942e-13, 4.9393e-20, 8.9157
1.4247e-13, 3.3151e-20, 8.9558
1.1981e-13, 2.221e-20, 8.996
1.0075e-13, 1.4853e-20, 9.0361
8.4714e-14, 9.9156e-21, 9.0763
7.1227e-14, 6.6075e-21, 9.1165
5.9882e-14, 4.3951e-21, 9.1566
5.034e-14, 2.9183e-21, 9.1968
4.2313e-14, 1.9343e-21, 9.2369
3.5561e-14, 1.2797e-21, 9.2771
2.988e-14, 8.4517e-22, 9.3173
2.51e-14, 5.5717e-22, 9.3574
2.1077e-14, 3.6666e-22, 9.3976
1.769e-14, 2.4085e-22, 9.4378
1.4837e-14, 1.5793e-22, 9.4779
1.2431e-14, 1.0337e-22, 9.5181
1.0402e-14, 6.7538e-23, 9.5582
8.6862e-15, 4.4048e-23, 9.5984
7.2333e-15, 2.8677e-23, 9.6386
5.999e-15, 1.8636e-23, 9.6787
4.9462e-15, 1.2089e-23, 9.7189
4.0431e-15, 7.828e-24, 9.759
3.2622e-15, 5.0599e-24, 9.7992
2.5801e-15, 3.2647e-24, 9.8394
1.9762e-15, 2.1027e-24, 9.8795
1.432e-15, 1.3518e-24, 9.9197
9.3124e-16, 8.6756e-25, 9.9598
4.5867e-16, 5.5577e-25, 10
0.67234, 0.6742, 0
0.67186, 0.67371, 0.040161
0.67041, 0.67223, 0.080321
0.668, 0.66977, 0.12048
0.66463, 0.66634, 0.16064
0.66033, 0.66196, 0.2008
0.65511, 0.65664, 0.24096
0.649, 0.65041, 0.28112
0.64201, 0.6433, 0.32129
0.63418, 0.63533, 0.36145
0.62554, 0.62654, 0.40161
0.61612, 0.61697, 0.44177
0.60597, 0.60665, 0.48193
0.59512, 0.59564, 0.52209
0.58361, 0.58396, 0.56225
0.5715, 0.57168, 0.60241
0.55882, 0.55883, 0.64257
0.54563, 0.54547, 0.68273
0.53197, 0.53165, 0.72289
0.51789, 0.51743, 0.76305
0.50345, 0.50284, 0.80321
0.48869, 0.48795, 0.84337
0.47367, 0.47281, 0.88353
0.45844, 0.45747, 0.92369
0.44304, 0.44197, 0.96386
0.42752, 0.42638, 1.004
0.41194, 0.41073, 1.0442
0.39635, 0.39508, 1.0843
0.38077, 0.37946, 1.1245
0.36526, 0.36393, 1.1647
0.34987, 0.34853, 1.2048
0.33462, 0.33328, 1.245
0.31956, 0.31824, 1.2851
0.30472, 0.30343, 1.3253
0.29013, 0.28889, 1.3655
0.27583, 0.27464, 1.4056
0.26184, 0.26071, 1.4458
0.24818, 0.24712, 1.4859
0.23489, 0.2339, 1.5261
0.22196, 0.22106, 1.5663
0.20943, 0.20862, 1.6064
0.19731, 0.19659, 1.6466
0.18561, 0.18499, 1.6867
0.17434, 0.17381, 1.7269
0.16351, 0.16307, 1.7671
0.15311, 0.15277, 1.8072
0.14316, 0.14291, 1.8474
0.13365, 0.13349, 1.8876
0.12459, 0.12451, 1.9277
0.11596, 0.11597, 1.9679
0.10776, 0.10785, 2.008
0.099999, 0.10015, 2.0482
0.092652, 0.092866, 2.0884
0.085716, 0.085985, 2.1285
0.07918, 0.079498, 2.1687
0.073032, 0.073392, 2.2088
0.067261, 0.067657, 2.249
0.061854, 0.062278, 2.2892
0.056797, 0.057242, 2.3293
0.052077, 0.052537, 2.3695
0.047678, 0.048148, 2.4096
0.043588, 0.044061, 2.4498
0.03979, 0.040261, 2.49
0.036271, 0.036736, 2.5301
0.033015, 0.03347, 2.5703
0.030009, 0.030449, 2.6104
0.027239, 0.027661, 2.6506
0.024689, 0.025091, 2.6908
0.022347, 0.022727, 2.7309
0.0202, 0.020555, 2.7711
0.018234, 0.018564, 2.8112
0.016437, 0.016741, 2.8514
0.014798, 0.015074, 2.8916
0.013304, 0.013554, 2.9317
0.011946, 0.012169, 2.9719
0.010713, 0.01091, 3.012
0.009595, 0.0097668, 3.0522
0.0085829, 0.0087305, 3.0924
0.0076682, 0.0077927, 3.1325
0.0068427, 0.0069455, 3.1727
0.0060988, 0.0061812, 3.2129
0.0054295, 0.0054931, 3.253
0.004828, 0.0048744, 3.2932
0.0042883, 0.004319, 3.3333
0.0038047, 0.0038213, 3.3735
0.003372, 0.003376, 3.4137
0.0029853, 0.0029782, 3.4538
0.0026402, 0.0026235, 3.494
0.0023325, 0.0023076, 3.5341
0.0020587, 0.0020268, 3.5743
0.0018152, 0.0017775, 3.6145
0.0015989, 0.0015566, 3.6546
0.0014071, 0.0013612, 3.6948
0.0012372, 0.0011885, 3.7349
0.0010868, 0.0010363, 3.7751
0.00095381, 0.00090219, 3.8153
0.00083639, 0.0007843, 3.8554
0.0007328, 0.00068082, 3.8956
0.00064152, 0.00059013, 3.9357
0.00056115, 0.00051077, 3.9759
0.00049046, 0.00044143, 4.0161
0.00042835, 0.00038095, 4.0562
0.00037383, 0.00032827, 4.0964
0.000326, 0.00028246, 4.1365
0.0002841, 0.00024269, 4.1767
0.0002474, 0.00020821, 4.2169
0.0002153, 0.00017837, 4.257
0.00018724, 0.00015259, 4.2972
0.00016274, 0.00013033, 4.3373
0.00014135, 0.00011116, 4.3775
0.00012269, 9.4676e-05, 4.4177
0.00010644, 8.0514e-05, 4.4578
9.2283e-05, 6.8371e-05, 4.498
7.9965e-05, 5.7974e-05, 4.5382
6.9252e-05, 4.9086e-05, 4.5783
5.9942e-05, 4.15e-05, 4.6185
5.1856e-05, 3.5035e-05, 4.6586
4.4838e-05, 2.9533e-05, 4.6988
3.8751e-05, 2.4859e-05, 4.739
3.3473e-05, 2.0894e-05, 4.7791
2.8901e-05, 1.7536e-05, 4.8193
2.4941e-05, 1.4696e-05, 4.8594
2.1514e-05, 1.2298e-05, 4.8996
1.855e-05, 1.0276e-05, 4.9398
1.5987e-05, 8.574e-06, 4.9799
1.3773e-05, 7.1434e-06, 5.0201
1.186e-05, 5.9428e-06, 5.0602
1.0209e-05, 4.9367e-06, 5.1004
8.7843e-06, 4.0949e-06, 5.1406
7.5556e-06, 3.3917e-06, 5.1807
6.4962e-06, 2.8051e-06, 5.2209
5.5834e-06, 2.3166e-06, 5.261
4.7971e-06, 1.9104e-06, 5.3012
4.1201e-06, 1.573e-06, 5.3414
3.5375e-06, 1.2934e-06, 5.3815
3.0362e-06, 1.0619e-06, 5.4217
2.6051e-06, 8.7056e-07, 5.4618
2.2345e-06, 7.1265e-07, 5.502
1.9161e-06, 5.8253e-07, 5.5422
1.6425e-06, 4.7547e-07, 5.5823
1.4076e-06, 3.8752e-07, 5.6225
1.2059e-06, 3.1537e-07, 5.6627
1.0328e-06, 2.5628e-07, 5.7028
8.8431e-07, 2.0796e-07, 5.743
7.5696e-07, 1.685e-07, 5.7831
6.4779e-07, 1.3633e-07, 5.8233
5.5421e-07, 1.1014e-07, 5.8635
4.7403e-07, 8.8847e-08, 5.9036
4.0535e-07, 7.1568e-08, 5.9438
3.4653e-07, 5.7565e-08, 5.9839
2.9618e-07, 4.6233e-08, 6.0241
2.5308e-07, 3.7078e-08, 6.0643
2.1621e-07, 2.9692e-08, 6.1044
1.8466e-07, 2.3743e-08, 6.1446
1.5769e-07, 1.8958e-08, 6.1847
1.3462e-07, 1.5115e-08, 6.2249
1.149e-07, 1.2033e-08, 6.2651
9.8055e-08, 9.566e-09, 6.3052
8.366e-08, 7.5934e-09, 6.3454
7.1363e-08, 6.0187e-09, 6.3855
6.0862e-08, 4.7636e-09, 6.4257
5.1896e-08, 3.7647e-09, 6.4659
4.4242e-08, 2.9709e-09, 6.506
3.771e-08, 2.3411e-09, 6.5462
3.2137e-08, 1.8421e-09, 6.5863
2.7382e-08, 1.4473e-09, 6.6265
2.3327e-08, 1.1354e-09, 6.6667
1.9868e-08, 8.8948e-10, 6.7068
1.692e-08, 6.9579e-10, 6.747
1.4407e-08, 5.4347e-10, 6.7871
1.2265e-08, 4.2388e-10, 6.8273
1.0439e-08, 3.3012e-10, 6.8675
8.8843e-09, 2.5672e-10, 6.9076
7.5598e-09, 1.9935e-10, 6.9478
6.4317e-09, 1.5457e-10, 6.988
5.4711e-09, 1.1968e-10, 7.0281
4.6533e-09, 9.2525e-11, 7.0683
3.9571e-09, 7.1428e-11, 7.1084
3.3646e-09, 5.506e-11, 7.1486
2.8605e-09, 4.2381e-11, 7.1888
2.4315e-09, 3.2574e-11, 7.2289
2.0666e-09, 2.4999e-11, 7.2691
1.7562e-09, 1.9158e-11, 7.3092
1.4922e-09, 1.466e-11, 7.3494
1.2677e-09, 1.1202e-11, 7.3896
1.0769e-09, 8.5468e-12, 7.4297
9.1466e-10, 6.5115e-12, 7.4699
7.7677e-10, 4.9536e-12, 7.51
6.5959e-10, 3.7629e-12, 7.5502
5.6002e-10, 2.8542e-12, 7.5904
4.7543e-10, 2.1618e-12, 7.6305
4.0356e-10, 1.635e-12, 7.6707
3.4252e-10, 1.2347e-12, 7.7108
2.9068e-10, 9.3107e-13, 7.751
2.4665e-10, 7.0108e-13, 7.7912
2.0927e-10, 5.2712e-13, 7.8313
1.7754e-10, 3.9575e-13, 7.8715
1.506e-10, 2.9668e-13, 7.9116
1.2774e-10, 2.2209e-13, 7.9518
1.0833e-10, 1.6601e-13, 7.992
9.1865e-11, 1.239e-13, 8.0321
7.7893e-11, 9.2344e-14, 8.0723
6.604e-11, 6.8722e-14, 8.1124
5.5985e-11, 5.1068e-14, 8.1526
4.7456e-11, 3.7893e-14, 8.1928
4.0223e-11, 2.8076e-14, 8.2329
3.4089e-11, 2.0772e-14, 8.2731
2.8887e-11, 1.5346e-14, 8.3133
2.4477e-11, 1.132e-14, 8.3534
2.0739e-11, 8.3384e-15, 8.3936
1.757e-11, 6.133e-15, 8.4337
1.4883e-11, 4.5044e-15, 8.4739
1.2607e-11, 3.3033e-15, 8.5141
1.0677e-11, 2.419e-15, 8.5542
9.0424e-12, 1.7688e-15, 8.5944
7.6572e-12, 1.2915e-15, 8.6345
6.4837e-12, 9.416e-16, 8.6747
5.4896e-12, 6.8549e-16, 8.7149
4.6475e-12, 4.9831e-16, 8.755
3.9342e-12, 3.6171e-16, 8.7952
3.3301e-12, 2.6217e-16, 8.8353
2.8186e-12, 1.8975e-16, 8.8755
2.3854e-12, 1.3713e-16, 8.9157
2.0186e-12, 9.8956e-17, 8.9558
1.7081e-12, 7.1305e-17, 8.996
1.4452e-12, 5.1306e-17, 9.0361
1.2227e-12, 3.6861e-17, 9.0763
1.0343e-12, 2.6445e-17, 9.1165
8.748e-13, 1.8944e-17, 9.1566
7.3981e-13, 1.3551e-17, 9.1968
6.2555e-13, 9.6788e-18, 9.2369
5.2882e-13, 6.9031e-18, 9.2771
4.4694e-13, 4.9162e-18, 9.3173
3.7761e-13, 3.496e-18, 9.3574
3.1889e-13, 2.4825e-18, 9.3976
2.6915e-13, 1.7602e-18, 9.4378
2.2698e-13, 1.2462e-18, 9.4779
1.9121e-13, 8.8104e-19, 9.5181
1.6082e-13, 6.2196e-19, 9.5582
1.3498e-13, 4.3842e-19, 9.5984
1.1295e-13, 3.0859e-19, 9.6386
9.4109e-14, 2.1688e-19, 9.6787
7.7929e-14, 1.5221e-19, 9.7189
6.3954e-14, 1.0667e-19, 9.759
5.1789e-14, 7.4639e-20, 9.7992
4.109e-14, 5.2152e-20, 9.8394
3.1556e-14, 3.6387e-20, 9.8795
2.2916e-14, 2.535e-20, 9.9197
1.4926e-14, 1.7635e-20, 9.9598
7.3584e-15, 1.225e-20, 10
0.61882, 0.62017, 0
0.61844, 0.61979, 0.040161
0.61731, 0.61864, 0.080321
0.61542, 0.61672, 0.12048
0.61279, 0.61405, 0.16064
0.60942, 0.61063, 0.2008
0.60533, 0.60648, 0.24096
0.60053, 0.60161, 0.28112
0.59503, 0.59603, 0.32129
0.58887, 0.58978, 0.36145
0.58205, 0.58287, 0.40161
0.57461, 0.57533, 0.44177
0.56656, 0.56718, 0.48193
0.55794, 0.55845, 0.52209
0.54878, 0.54917, 0.56225
0.5391, 0.53938, 0.60241
0.52894, 0.52911, 0.64257
0.51833, 0.51839, 0.68273
0.50731, 0.50725, 0.72289
0.49591, 0.49574, 0.76305
0.48417, 0.48389, 0.80321
0.47211, 0.47174, 0.84337
0.45979, 0.45932, 0.88353
0.44724, 0.44668, 0.92369
0.43448, 0.43384, 0.96386
0.42157, 0.42086, 1.004
0.40852, 0.40775, 1.0442
0.39539, 0.39456, 1.0843
0.38221, 0.38133, 1.1245
0.369, 0.36808, 1.1647
0.3558, 0.35485, 1.2048
0.34264, 0.34167, 1.245
0.32956, 0.32858, 1.2851
0.31657, 0.31559, 1.3253
0.30372, 0.30274, 1.3655
0.29102, 0.29006, 1.4056
0.2785, 0.27756, 1.4458
0.26618, 0.26527, 1.4859
0.25409, 0.25321, 1.5261
0.24224, 0.2414, 1.5663
0.23064, 0.22986, 1.6064
0.21933, 0.21859, 1.6466
0.2083, 0.20762, 1.6867
0.19758, 0.19696, 1.7269
0.18717, 0.18661, 1.7671
0.17709, 0.17659, 1.8072
0.16733, 0.1669, 1.8474
0.15791, 0.15754, 1.8876
0.14883, 0.14852, 1.9277
0.14009, 0.13985, 1.9679
0.1317, 0.13152, 2.008
0.12366, 0.12353, 2.0482
0.11595, 0.11589, 2.0884
0.10859, 0.10858, 2.1285
0.10157, 0.10161, 2.1687
0.094876, 0.094962, 2.2088
0.088513, 0.088643, 2.249
0.082472, 0.082642, 2.2892
0.076746, 0.076952, 2.3293
0.071328, 0.071565, 2.3695
0.066208, 0.066472, 2.4096
0.061378, 0.061665, 2.4498
0.056829, 0.057135, 2.49
0.052551, 0.052872, 2.5301
0.048534, 0.048867, 2.5703
0.044768, 0.045109, 2.6104
0.041244, 0.041588, 2.6506
0.037949, 0.038294, 2.6908
0.034876, 0.035218, 2.7309
0.032011, 0.032349, 2.7711
0.029346, 0.029676, 2.8112
0.026871, 0.027191, 2.8514
0.024575, 0.024883, 2.8916
0.022448, 0.022742, 2.9317
0.02048, 0.02076, 2.9719
0.018664, 0.018927, 3.012
0.016988, 0.017235, 3.0522
0.015445, 0.015674, 3.0924
0.014026, 0.014237, 3.1325
0.012723, 0.012916, 3.1727
0.011527, 0.011703, 3.2129
0.010433, 0.010591, 3.253
0.0094316, 0.0095721, 3.2932
0.0085173, 0.0086408, 3.3333
0.0076832, 0.0077905, 3.3735
0.0069234, 0.0070151, 3.4137
0.0062321, 0.006309, 3.4538
0.005604, 0.005667, 3.494
0.005034, 0.005084, 3.5341
0.0045173, 0.0045554, 3.5743
0.0040496, 0.0040766, 3.6145
0.0036267, 0.0036436, 3.6546
0.0032448, 0.0032526, 3.6948
0.0029004, 0.0029, 3.7349
0.00259, 0.0025823, 3.7751
0.0023107, 0.0022967, 3.8153
0.0020596, 0.00204, 3.8554
0.0018341, 0.0018099, 3.8956
0.0016319, 0.0016036, 3.9357
0.0014507, 0.0014192, 3.9759
0.0012884, 0.0012544, 4.0161
0.0011434, 0.0011073, 4.0562
0.0010138, 0.00097629, 4.0964
0.00089823, 0.00085971, 4.1365
0.00079516, 0.00075611, 4.1767
0.00070336, 0.00066417, 4.2169
0.00062168, 0.00058268, 4.257
0.00054906, 0.00051056, 4.2972
0.00048456, 0.00044681, 4.3373
0.00042732, 0.00039054, 4.3775
0.00037657, 0.00034093, 4.4177
0.00033162, 0.00029725, 4.4578
0.00029183, 0.00025885, 4.498
0.00025663, 0.00022513, 4.5382
0.00022554, 0.00019556, 4.5783
0.00019807, 0.00016966, 4.6185
0.00017385, 0.00014701, 4.6586
0.00015248, 0.00012722, 4.6988
0.00013367, 0.00010997, 4.739
0.0001171, 9.4932e-05, 4.7791
0.00010252, 8.1851e-05, 4.8193
8.9709e-05, 7.0485e-05, 4.8594
7.8452e-05, 6.0622e-05, 4.8996
6.8569e-05, 5.2074e-05, 4.9398
5.9899e-05, 4.4676e-05, 4.9799
5.2296e-05, 3.8282e-05, 5.0201
4.5634e-05, 3.2762e-05, 5.0602
3.98e-05, 2.8004e-05, 5.1004
3.4695e-05, 2.3906e-05, 5.1406
3.0229e-05, 2.0383e-05, 5.1807
2.6325e-05, 1.7358e-05, 5.2209
2.2915e-05, 1.4763e-05, 5.261
1.9936e-05, 1.2541e-05, 5.3012
1.7337e-05, 1.064e-05, 5.3414
1.507e-05, 9.0158e-06, 5.3815
1.3094e-05, 7.6301e-06, 5.4217
1.1372e-05, 6.4494e-06, 5.4618
9.8719e-06, 5.4447e-06, 5.502
8.5662e-06, 4.5908e-06, 5.5422
7.4302e-06, 3.866e-06, 5.5823
6.4423e-06, 3.2516e-06, 5.6225
5.5835e-06, 2.7314e-06, 5.6627
4.8373e-06, 2.2916e-06, 5.7028
4.1892e-06, 1.9203e-06, 5.743
3.6266e-06, 1.6071e-06, 5.7831
3.1384e-06, 1.3433e-06, 5.8233
2.715e-06, 1.1215e-06, 5.8635
2.3478e-06, 9.3509e-07, 5.9036
2.0296e-06, 7.7871e-07, 5.9438
1.7539e-06, 6.4768e-07, 5.9839
1.5152e-06, 5.3803e-07, 6.0241
1.3085e-06, 4.4639e-07, 6.0643
1.1297e-06, 3.699e-07, 6.1044
9.7497e-07, 3.0614e-07, 6.1446
8.4118e-07, 2.5305e-07, 6.1847
7.2553e-07, 2.0891e-07, 6.2249
6.2559e-07, 1.7226e-07, 6.2651
5.3926e-07, 1.4186e-07, 6.3052
4.6471e-07, 1.1668e-07, 6.3454
4.0035e-07, 9.5848e-08, 6.3855
3.448e-07, 7.8639e-08, 6.4257
2.9688e-07, 6.4441e-08, 6.4659
2.5555e-07, 5.274e-08, 6.506
2.1992e-07, 4.311e-08, 6.5462
1.8921e-07, 3.5195e-08, 6.5863
1.6274e-07, 2.8698e-08, 6.6265
1.3994e-07, 2.3371e-08, 6.6667
1.203e-07, 1.9009e-08, 6.7068
1.034e-07, 1.5442e-08, 6.747
8.8843e-08, 1.2529e-08, 6.7871
7.6321e-08, 1.0153e-08, 6.8273
6.5549e-08, 8.2172e-09, 6.8675
5.6284e-08, 6.6422e-09, 6.9076
4.8318e-08, 5.3625e-09, 6.9478
4.147e-08, 4.324e-09, 6.988
3.5585e-08, 3.4822e-09, 7.0281
3.0528e-08, 2.8009e-09, 7.0683
2.6184e-08, 2.2501e-09, 7.1084
2.2454e-08, 1.8053e-09, 7.1486
1.9251e-08, 1.4467e-09, 7.1888
1.6502e-08, 1.1579e-09, 7.2289
1.4142e-08, 9.2555e-10, 7.2691
1.2118e-08, 7.3893e-10, 7.3092
1.0381e-08, 5.8921e-10, 7.3494
8.8913e-09, 4.6924e-10, 7.3896
7.6141e-09, 3.7324e-10, 7.4297
6.5191e-09, 2.9651e-10, 7.4699
5.5806e-09, 2.3526e-10, 7.51
4.7763e-09, 1.8643e-10, 7.5502
4.0872e-09, 1.4755e-10, 7.5904
3.4969e-09, 1.1664e-10, 7.6305
2.9913e-09, 9.2087e-11, 7.6707
2.5584e-09, 7.2613e-11, 7.7108
2.1878e-09, 5.7187e-11, 7.751
1.8706e-09, 4.4981e-11, 7.7912
1.5991e-09, 3.5337e-11, 7.8313
1.3668e-09, 2.7726e-11, 7.8715
1.168e-09, 2.1728e-11, 7.9116
9.98e-10, 1.7006e-11, 7.9518
8.5261e-10, 1.3294e-11, 7.992
7.2828e-10, 1.0379e-11, 8.0321
6.2199e-10, 8.0931e-12, 8.0723
5.3114e-10, 6.303e-12, 8.1124
4.5349e-10, 4.9027e-12, 8.1526
3.8713e-10, 3.8088e-12, 8.1928
3.3044e-10, 2.9553e-12, 8.2329
2.8201e-10, 2.2902e-12, 8.2731
2.4064e-10, 1.7726e-12, 8.3133
2.0532e-10, 1.3702e-12, 8.3534
1.7515e-10, 1.0579e-12, 8.3936
1.494e-10, 8.1578e-13, 8.4337
1.2742e-10, 6.2828e-13, 8.4739
1.0865e-10, 4.8327e-13, 8.5141
9.2642e-11, 3.7127e-13, 8.5542
7.898e-11, 2.8487e-13, 8.5944
6.7323e-11, 2.1831e-13, 8.6345
5.738e-11, 1.6709e-13, 8.6747
4.89e-11, 1.2773e-13, 8.7149
4.1667e-11, 9.7525e-14, 8.755
3.55e-11, 7.4368e-14, 8.7952
3.0242e-11, 5.6639e-14, 8.8353
2.576e-11, 4.3083e-14, 8.8755
2.1939e-11, 3.2731e-14, 8.9157
1.8683e-11, 2.4835e-14, 8.9558
1.5908e-11, 1.8821e-14, 8.996
1.3543e-11, 1.4245e-14, 9.0361
1.1528e-11, 1.0769e-14, 9.0763
9.8114e-12, 8.1308e-15, 9.1165
8.3491e-12, 6.1313e-15, 9.1566
7.1034e-12, 4.6178e-15, 9.1968
6.0422e-12, 3.4735e-15, 9.2369
5.1382e-12, 2.6096e-15, 9.2771
4.368e-12, 1.9581e-15, 9.3173
3.7118e-12, 1.4674e-15, 9.3574
3.1525e-12, 1.0984e-15, 9.3976
2.6757e-12, 8.211e-16, 9.4378
2.2689e-12, 6.1306e-16, 9.4779
1.9216e-12, 4.5717e-16, 9.5181
1.6247e-12, 3.4049e-16, 9.5582
1.3705e-12, 2.5328e-16, 9.5984
1.1524e-12, 1.8817e-16, 9.6386
9.6453e-13, 1.3962e-16, 9.6787
8.0212e-13, 1.0348e-16, 9.7189
6.6087e-13, 7.6591e-17, 9.759
5.3707e-13, 5.662e-17, 9.7992
4.2745e-13, 4.1805e-17, 9.8394
3.2913e-13, 3.0828e-17, 9.8795
2.3952e-13, 2.2706e-17, 9.9197
1.5624e-13, 1.6702e-17, 9.9598
7.71e-14, 1.2271e-17, 10
0.57633, 0.57735, 0
0.57603, 0.57704, 0.040161
0.57511, 0.57611, 0.080321
0.57358, 0.57456, 0.12048
0.57145, 0.57241, 0.16064
0.56872, 0.56964, 0.2008
0.5654, 0.56628, 0.24096
0.5615, 0.56234, 0.28112
0.55704, 0.55782, 0.32129
0.55202, 0.55275, 0.36145
0.54647, 0.54713, 0.40161
0.54039, 0.54099, 0.44177
0.53382, 0.53434, 0.48193
0.52676, 0.52721, 0.52209
0.51923, 0.51961, 0.56225
0.51127, 0.51157, 0.60241
0.5029, 0.50311, 0.64257
0.49413, 0.49427, 0.68273
0.485, 0.48505, 0.72289
0.47552, 0.4755, 0.76305
0.46573, 0.46563, 0.80321
0.45565, 0.45548, 0.84337
0.44532, 0.44507, 0.88353
0.43475, 0.43443, 0.92369
0.42397, 0.42359, 0.96386
0.41302, 0.41258, 1.004
0.40191, 0.40142, 1.0442
0.39069, 0.39015, 1.0843
0.37936, 0.37878, 1.1245
0.36797, 0.36735, 1.1647
0.35653, 0.35588, 1.2048
0.34508, 0.3444, 1.245
0.33363, 0.33293, 1.2851
0.32221, 0.32149, 1.3253
0.31085, 0.31012, 1.3655
0.29956, 0.29882, 1.4056
0.28837, 0.28763, 1.4458
0.27729, 0.27656, 1.4859
0.26635, 0.26563, 1.5261
0.25556, 0.25486, 1.5663
0.24494, 0.24426, 1.6064
0.2345, 0.23385, 1.6466
0.22427, 0.22365, 1.6867
0.21425, 0.21366, 1.7269
0.20445, 0.2039, 1.7671
0.19488, 0.19437, 1.8072
0.18556, 0.18509, 1.8474
0.17649, 0.17606, 1.8876
0.16768, 0.1673, 1.9277
0.15914, 0.15879, 1.9679
0.15086, 0.15056, 2.008
0.14286, 0.14261, 2.0482
0.13513, 0.13492, 2.0884
0.12768, 0.12752, 2.1285
0.12051, 0.12039, 2.1687
0.11362, 0.11354, 2.2088
0.107, 0.10696, 2.249
0.10066, 0.10066, 2.2892
0.094591, 0.094621, 2.3293
0.088789, 0.088852, 2.3695
0.083252, 0.083346, 2.4096
0.077975, 0.078096, 2.4498
0.072952, 0.073099, 2.49
0.068178, 0.068348, 2.5301
0.063647, 0.063837, 2.5703
0.059352, 0.05956, 2.6104
0.055287, 0.055509, 2.6506
0.051445, 0.051679, 2.6908
0.047817, 0.048061, 2.7309
0.044397, 0.044648, 2.7711
0.041178, 0.041433, 2.8112
0.038151, 0.038408, 2.8514
0.035308, 0.035566, 2.8916
0.032642, 0.032899, 2.9317
0.030146, 0.030399, 2.9719
0.027811, 0.028059, 3.012
0.025629, 0.025871, 3.0522
0.023594, 0.023828, 3.0924
0.021698, 0.021923, 3.1325
0.019933, 0.020148, 3.1727
0.018293, 0.018498, 3.2129
0.01677, 0.016964, 3.253
0.015359, 0.015541, 3.2932
0.014052, 0.014221, 3.3333
0.012843, 0.013, 3.3735
0.011727, 0.011871, 3.4137
0.010696, 0.010828, 3.4538
0.0097469, 0.0098666, 3.494
0.0088731, 0.0089807, 3.5341
0.0080697, 0.0081655, 3.5743
0.007332, 0.0074163, 3.6145
0.0066553, 0.0067286, 3.6546
0.0060354, 0.0060981, 3.6948
0.005468, 0.0055208, 3.7349
0.0049494, 0.0049928, 3.7751
0.0044758, 0.0045104, 3.8153
0.0040439, 0.0040702, 3.8554
0.0036503, 0.003669, 3.8956
0.0032921, 0.0033039, 3.9357
0.0029664, 0.0029718, 3.9759
0.0026706, 0.0026703, 4.0161
0.0024022, 0.0023968, 4.0562
0.002159, 0.002149, 4.0964
0.0019387, 0.0019247, 4.1365
0.0017395, 0.001722, 4.1767
0.0015595, 0.001539, 4.2169
0.0013969, 0.0013739, 4.257
0.0012503, 0.0012253, 4.2972
0.0011182, 0.0010915, 4.3373
0.00099929, 0.00097134, 4.3775
0.00089232, 0.00086345, 4.4177
0.0007962, 0.00076672, 4.4578
0.00070991, 0.00068009, 4.498
0.0006325, 0.0006026, 4.5382
0.00056312, 0.00053337, 4.5783
0.00050099, 0.00047159, 4.6185
0.00044541, 0.00041651, 4.6586
0.00039571, 0.00036747, 4.6988
0.00035132, 0.00032386, 4.739
0.0003117, 0.00028511, 4.7791
0.00027636, 0.00025073, 4.8193
0.00024487, 0.00022026, 4.8594
0.00021683, 0.00019329, 4.8996
0.00019188, 0.00016943, 4.9398
0.00016969, 0.00014836, 4.9799
0.00014998, 0.00012978, 5.0201
0.00013247, 0.00011339, 5.0602
0.00011694, 9.8972e-05, 5.1004
0.00010317, 8.6293e-05, 5.1406
9.097e-05, 7.5157e-05, 5.1807
8.0167e-05, 6.5387e-05, 5.2209
7.0606e-05, 5.6827e-05, 5.261
6.2152e-05, 4.9334e-05, 5.3012
5.4681e-05, 4.2783e-05, 5.3414
4.8082e-05, 3.7062e-05, 5.3815
4.2257e-05, 3.2072e-05, 5.4217
3.7119e-05, 2.7723e-05, 5.4618
3.2589e-05, 2.3939e-05, 5.502
2.8598e-05, 2.0649e-05, 5.5422
2.5083e-05, 1.7792e-05, 5.5823
2.1989e-05, 1.5314e-05, 5.6225
1.9268e-05, 1.3166e-05, 5.6627
1.6876e-05, 1.1308e-05, 5.7028
1.4774e-05, 9.7016e-06, 5.743
1.2928e-05, 8.3145e-06, 5.7831
1.1308e-05, 7.118e-06, 5.8233
9.8859e-06, 6.0871e-06, 5.8635
8.6393e-06, 5.2e-06, 5.9036
7.5467e-06, 4.4373e-06, 5.9438
6.5895e-06, 3.7825e-06, 5.9839
5.7513e-06, 3.2208e-06, 6.0241
5.0177e-06, 2.7396e-06, 6.0643
4.376e-06, 2.3277e-06, 6.1044
3.8148e-06, 1.9757e-06, 6.1446
3.3243e-06, 1.6751e-06, 6.1847
2.8958e-06, 1.4187e-06, 6.2249
2.5216e-06, 1.2003e-06, 6.2651
2.1949e-06, 1.0144e-06, 6.3052
1.9099e-06, 8.5634e-07, 6.3454
1.6613e-06, 7.2216e-07, 6.3855
1.4445e-06, 6.0834e-07, 6.4257
1.2556e-06, 5.1192e-07, 6.4659
1.091e-06, 4.3031e-07, 6.506
9.4768e-07, 3.6133e-07, 6.5462
8.2291e-07, 3.0307e-07, 6.5863
7.1434e-07, 2.5394e-07, 6.6265
6.1989e-07, 2.1254e-07, 6.6667
5.3776e-07, 1.777e-07, 6.7068
4.6637e-07, 1.4841e-07, 6.747
4.0433e-07, 1.2382e-07, 6.7871
3.5044e-07, 1.0319e-07, 6.8273
3.0364e-07, 8.5905e-08, 6.8675
2.6301e-07, 7.1439e-08, 6.9076
2.2776e-07, 5.9344e-08, 6.9478
1.9717e-07, 4.9245e-08, 6.988
1.7064e-07, 4.082e-08, 7.0281
1.4764e-07, 3.38e-08, 7.0683
1.2771e-07, 2.7957e-08, 7.1084
1.1044e-07, 2.31e-08, 7.1486
9.5476e-08, 1.9066e-08, 7.1888
8.252e-08, 1.5719e-08, 7.2289
7.1304e-08, 1.2946e-08, 7.2691
6.1597e-08, 1.0651e-08, 7.3092
5.3197e-08, 8.7531e-09, 7.3494
4.5932e-08, 7.1858e-09, 7.3896
3.965e-08, 5.8927e-09, 7.4297
3.4218e-08, 4.8272e-09, 7.4699
2.9524e-08, 3.95e-09, 7.51
2.5467e-08, 3.2288e-09, 7.5502
2.1963e-08, 2.6364e-09, 7.5904
1.8937e-08, 2.1504e-09, 7.6305
1.6324e-08, 1.7521e-09, 7.6707
1.4068e-08, 1.4261e-09, 7.7108
1.2122e-08, 1.1594e-09, 7.751
1.0442e-08, 9.4165e-10, 7.7912
8.9938e-09, 7.6395e-10, 7.8313
7.7445e-09, 6.1911e-10, 7.8715
6.6673e-09, 5.012e-10, 7.9116
5.7388e-09, 4.053e-10, 7.9518
4.9386e-09, 3.2741e-10, 7.992
4.2491e-09, 2.6419e-10, 8.0321
3.6552e-09, 2.1296e-10, 8.0723
3.1436e-09, 1.7147e-10, 8.1124
2.7032e-09, 1.3792e-10, 8.1526
2.324e-09, 1.1082e-10, 8.1928
1.9976e-09, 8.8943e-11, 8.2329
1.7168e-09, 7.1309e-11, 8.2731
1.4751e-09, 5.7111e-11, 8.3133
1.2673e-09, 4.569e-11, 8.3534
1.0885e-09, 3.6514e-11, 8.3936
9.348e-10, 2.9149e-11, 8.4337
8.0266e-10, 2.3245e-11, 8.4739
6.8908e-10, 1.8517e-11, 8.5141
5.9147e-10, 1.4734e-11, 8.5542
5.076e-10, 1.1712e-11, 8.5944
4.3555e-10, 9.2995e-12, 8.6345
3.7366e-10, 7.3761e-12, 8.6747
3.2052e-10, 5.8442e-12, 8.7149
2.7489e-10, 4.6255e-12, 8.755
2.3572e-10, 3.657e-12, 8.7952
2.0209e-10, 2.8882e-12, 8.8353
1.7324e-10, 2.2785e-12, 8.8755
1.4848e-10, 1.7957e-12, 8.9157
1.2724e-10, 1.4136e-12, 8.9558
1.0902e-10, 1.1116e-12, 8.996
9.3389e-11, 8.732e-13, 9.0361
7.9986e-11, 6.8519e-13, 9.0763
6.8494e-11, 5.3708e-13, 9.1165
5.864e-11, 4.2054e-13, 9.1566
5.0192e-11, 3.2893e-13, 9.1968
4.2949e-11, 2.57e-13, 9.2369
3.674e-11, 2.0058e-13, 9.2771
3.1416e-11, 1.5638e-13, 9.3173
2.6851e-11, 1.2179e-13, 9.3574
2.2935e-11, 9.4749e-14, 9.3976
1.9575e-11, 7.3633e-14, 9.4378
1.669e-11, 5.7161e-14, 9.4779
1.4211e-11, 4.4326e-14, 9.5181
1.2078e-11, 3.4336e-14, 9.5582
1.0239e-11, 2.6569e-14, 9.5984
8.6503e-12, 2.0537e-14, 9.6386
7.2732e-12, 1.5857e-14, 9.6787
6.0741e-12, 1.2231e-14, 9.7189
5.0239e-12, 9.4235e-15, 9.759
4.097e-12, 7.2528e-15, 9.7992
3.2707e-12, 5.5761e-15, 9.8394
2.5249e-12, 4.2824e-15, 9.8795
1.8412e-12, 3.2853e-15, 9.9197
1.2029e-12, 2.5177e-15, 9.9598
5.9411e-13, 1.9273e-15, 10
0.54155, 0.54233, 0
0.54129, 0.54207, 0.040161
0.54053, 0.5413, 0.080321
0.53926, 0.54002, 0.12048
0.53749, 0.53823, 0.16064
0.53522, 0.53593, 0.2008
0.53245, 0.53314, 0.24096
0.52921, 0.52987, 0.28112
0.52549, 0.52611, 0.32129
0.5213, 0.52188, 0.36145
0.51666, 0.5172, 0.40161
0.51158, 0.51207, 0.44177
0.50608, 0.50652, 0.48193
0.50016, 0.50055, 0.52209
0.49384, 0.49418, 0.56225
0.48714, 0.48742, 0.60241
0.48008, 0.48031, 0.64257
0.47268, 0.47285, 0.68273
0.46495, 0.46506, 0.72289
0.45692, 0.45697, 0.76305
0.4486, 0.44859, 0.80321
0.44001, 0.43995, 0.84337
0.43118, 0.43107, 0.88353
0.42213, 0.42197, 0.92369
0.41288, 0.41266, 0.96386
0.40344, 0.40318, 1.004
0.39385, 0.39354, 1.0442
0.38412, 0.38377, 1.0843
0.37428, 0.37389, 1.1245
0.36434, 0.36391, 1.1647
0.35433, 0.35387, 1.2048
0.34426, 0.34378, 1.245
0.33416, 0.33365, 1.2851
0.32405, 0.32352, 1.3253
0.31395, 0.3134, 1.3655
0.30386, 0.30331, 1.4056
0.29383, 0.29327, 1.4458
0.28385, 0.28328, 1.4859
0.27395, 0.27338, 1.5261
0.26414, 0.26358, 1.5663
0.25443, 0.25388, 1.6064
0.24485, 0.24431, 1.6466
0.23541, 0.23488, 1.6867
0.22611, 0.2256, 1.7269
0.21697, 0.21648, 1.7671
0.20799, 0.20753, 1.8072
0.1992, 0.19876, 1.8474
0.1906, 0.19018, 1.8876
0.18219, 0.1818, 1.9277
0.17398, 0.17362, 1.9679
0.16599, 0.16566, 2.008
0.15821, 0.15791, 2.0482
0.15065, 0.15038, 2.0884
0.14331, 0.14307, 2.1285
0.13619, 0.13599, 2.1687
0.12931, 0.12914, 2.2088
0.12265, 0.12251, 2.249
0.11623, 0.11612, 2.2892
0.11003, 0.10995, 2.3293
0.10407, 0.10402, 2.3695
0.09833, 0.098309, 2.4096
0.09282, 0.092825, 2.4498
0.087533, 0.087564, 2.49
0.082469, 0.082522, 2.5301
0.077622, 0.077698, 2.5703
0.07299, 0.073086, 2.6104
0.068568, 0.068682, 2.6506
0.064352, 0.064483, 2.6908
0.060338, 0.060483, 2.7309
0.056519, 0.056677, 2.7711
0.052892, 0.05306, 2.8112
0.04945, 0.049627, 2.8514
0.046187, 0.046372, 2.8916
0.043099, 0.04329, 2.9317
0.040179, 0.040374, 2.9719
0.037421, 0.037619, 3.012
0.03482, 0.035018, 3.0522
0.032369, 0.032567, 3.0924
0.030062, 0.030258, 3.1325
0.027893, 0.028087, 3.1727
0.025856, 0.026046, 3.2129
0.023945, 0.024131, 3.253
0.022155, 0.022335, 3.2932
0.02048, 0.020654, 3.3333
0.018914, 0.019081, 3.3735
0.017452, 0.017611, 3.4137
0.016088, 0.016239, 3.4538
0.014817, 0.014959, 3.494
0.013634, 0.013767, 3.5341
0.012534, 0.012659, 3.5743
0.011512, 0.011628, 3.6145
0.010565, 0.010671, 3.6546
0.0096862, 0.009784, 3.6948
0.008873, 0.008962, 3.7349
0.0081209, 0.0082012, 3.7751
0.0074261, 0.0074979, 3.8153
0.0067848, 0.0068484, 3.8554
0.0061936, 0.0062493, 3.8956
0.005649, 0.0056971, 3.9357
0.0051479, 0.0051888, 3.9759
0.0046873, 0.0047214, 4.0161
0.0042644, 0.004292, 4.0562
0.0038763, 0.003898, 4.0964
0.0035207, 0.0035368, 4.1365
0.0031951, 0.003206, 4.1767
0.0028973, 0.0029034, 4.2169
0.0026251, 0.0026268, 4.257
0.0023766, 0.0023744, 4.2972
0.0021499, 0.0021442, 4.3373
0.0019433, 0.0019344, 4.3775
0.0017552, 0.0017435, 4.4177
0.0015841, 0.00157, 4.4578
0.0014286, 0.0014124, 4.498
0.0012874, 0.0012694, 4.5382
0.0011593, 0.0011398, 4.5783
0.0010432, 0.0010225, 4.6185
0.00093803, 0.00091637, 4.6586
0.00084285, 0.00082048, 4.6988
0.00075679, 0.00073393, 4.739
0.00067904, 0.00065589, 4.7791
0.00060886, 0.00058559, 4.8193
0.00054555, 0.00052232, 4.8594
0.0004885, 0.00046546, 4.8996
0.00043712, 0.00041438, 4.9398
0.00039088, 0.00036857, 4.9799
0.00034931, 0.0003275, 5.0201
0.00031196, 0.00029074, 5.0602
0.00027842, 0.00025786, 5.1004
0.00024834, 0.00022848, 5.1406
0.00022136, 0.00020226, 5.1807
0.0001972, 0.00017887, 5.2209
0.00017557, 0.00015804, 5.261
0.00015621, 0.00013951, 5.3012
0.00013891, 0.00012303, 5.3414
0.00012345, 0.00010839, 5.3815
0.00010965, 9.5405e-05, 5.4217
9.7339e-05, 8.3895e-05, 5.4618
8.636e-05, 7.3705e-05, 5.502
7.6578e-05, 6.469e-05, 5.5422
6.7866e-05, 5.6725e-05, 5.5823
6.0114e-05, 4.9693e-05, 5.6225
5.3218e-05, 4.3491e-05, 5.6627
4.7089e-05, 3.8028e-05, 5.7028
4.1645e-05, 3.3219e-05, 5.743
3.6811e-05, 2.8991e-05, 5.7831
3.2522e-05, 2.5276e-05, 5.8233
2.8718e-05, 2.2017e-05, 5.8635
2.5347e-05, 1.916e-05, 5.9036
2.2361e-05, 1.6658e-05, 5.9438
1.9717e-05, 1.4469e-05, 5.9839
1.7378e-05, 1.2556e-05, 6.0241
1.5309e-05, 1.0885e-05, 6.0643
1.348e-05, 9.4277e-06, 6.1044
1.1865e-05, 8.1577e-06, 6.1446
1.0438e-05, 7.0521e-06, 6.1847
9.1792e-06, 6.0906e-06, 6.2249
8.0685e-06, 5.2552e-06, 6.2651
7.0892e-06, 4.5301e-06, 6.3052
6.2261e-06, 3.9013e-06, 6.3454
5.4659e-06, 3.3566e-06, 6.3855
4.7965e-06, 2.8852e-06, 6.4257
4.2074e-06, 2.4777e-06, 6.4659
3.6892e-06, 2.1257e-06, 6.506
3.2336e-06, 1.822e-06, 6.5462
2.8331e-06, 1.5602e-06, 6.5863
2.4813e-06, 1.3348e-06, 6.6265
2.1724e-06, 1.1408e-06, 6.6667
1.9012e-06, 9.741e-07, 6.7068
1.6632e-06, 8.3098e-07, 6.747
1.4546e-06, 7.0821e-07, 6.7871
1.2716e-06, 6.03e-07, 6.8273
1.1113e-06, 5.1294e-07, 6.8675
9.7081e-07, 4.3592e-07, 6.9076
8.4782e-07, 3.7011e-07, 6.9478
7.4016e-07, 3.1393e-07, 6.988
6.4596e-07, 2.6603e-07, 7.0281
5.6356e-07, 2.2523e-07, 7.0683
4.9151e-07, 1.905e-07, 7.1084
4.2854e-07, 1.6098e-07, 7.1486
3.7351e-07, 1.359e-07, 7.1888
3.2545e-07, 1.1462e-07, 7.2289
2.8349e-07, 9.6579e-08, 7.2691
2.4686e-07, 8.1301e-08, 7.3092
2.149e-07, 6.8375e-08, 7.3494
1.8703e-07, 5.745e-08, 7.3896
1.6272e-07, 4.8225e-08, 7.4297
1.4153e-07, 4.0442e-08, 7.4699
1.2306e-07, 3.3884e-08, 7.51
1.0697e-07, 2.8362e-08, 7.5502
9.2965e-08, 2.3717e-08, 7.5904
8.0768e-08, 1.9815e-08, 7.6305
7.0153e-08, 1.6538e-08, 7.6707
6.0916e-08, 1.3791e-08, 7.7108
5.2882e-08, 1.1489e-08, 7.751
4.5895e-08, 9.5618e-09, 7.7912
3.9821e-08, 7.9506e-09, 7.8313
3.4542e-08, 6.6046e-09, 7.8715
2.9956e-08, 5.4813e-09, 7.9116
2.5972e-08, 4.5447e-09, 7.9518
2.2512e-08, 3.7645e-09, 7.992
1.9508e-08, 3.1154e-09, 8.0321
1.6901e-08, 2.5757e-09, 8.0723
1.464e-08, 2.1275e-09, 8.1124
1.2677e-08, 1.7556e-09, 8.1526
1.0976e-08, 1.4474e-09, 8.1928
9.5001e-09, 1.1921e-09, 8.2329
8.2212e-09, 9.8096e-10, 8.2731
7.1128e-09, 8.0643e-10, 8.3133
6.1525e-09, 6.6232e-10, 8.3534
5.3207e-09, 5.4345e-10, 8.3936
4.6003e-09, 4.4549e-10, 8.4337
3.9767e-09, 3.6484e-10, 8.4739
3.4368e-09, 2.9851e-10, 8.5141
2.9697e-09, 2.44e-10, 8.5542
2.5655e-09, 1.9926e-10, 8.5944
2.2158e-09, 1.6257e-10, 8.6345
1.9135e-09, 1.3251e-10, 8.6747
1.652e-09, 1.0791e-10, 8.7149
1.426e-09, 8.7786e-11, 8.755
1.2307e-09, 7.135e-11, 8.7952
1.0619e-09, 5.7937e-11, 8.8353
9.1606e-10, 4.7e-11, 8.8755
7.901e-10, 3.8092e-11, 8.9157
6.8133e-10, 3.0843e-11, 8.9558
5.8741e-10, 2.495e-11, 8.996
5.0632e-10, 2.0163e-11, 9.0361
4.3633e-10, 1.628e-11, 9.0763
3.7592e-10, 1.3132e-11, 9.1165
3.238e-10, 1.0582e-11, 9.1566
2.7882e-10, 8.5199e-12, 9.1968
2.4001e-10, 6.8528e-12, 9.2369
2.0652e-10, 5.5067e-12, 9.2771
1.7763e-10, 4.4209e-12, 9.3173
1.5269e-10, 3.5458e-12, 9.3574
1.3116e-10, 2.8412e-12, 9.3976
1.1257e-10, 2.2744e-12, 9.4378
9.65e-11, 1.819e-12, 9.4779
8.2601e-11, 1.4534e-12, 9.5181
7.0562e-11, 1.1602e-12, 9.5582
6.0115e-11, 9.2526e-13, 9.5984
5.1026e-11, 7.3719e-13, 9.6386
4.3094e-11, 5.868e-13, 9.6787
3.6138e-11, 4.6664e-13, 9.7189
3.0004e-11, 3.7073e-13, 9.759
2.4551e-11, 2.9426e-13, 9.7992
1.9659e-11, 2.3334e-13, 9.8394
1.5214e-11, 1.8486e-13, 9.8795
1.1116e-11, 1.4631e-13, 9.9197
7.2727e-12, 1.1569e-13, 9.9598
3.5953e-12, 9.1389e-14, 10
0.51238, 0.51299, 0
0.51216, 0.51277, 0.040161
0.51151, 0.51212, 0.080321
0.51044, 0.51103, 0.12048
0.50893, 0.50952, 0.16064
0.50701, 0.50757, 0.2008
0.50466, 0.50521, 0.24096
0.50191, 0.50243, 0.28112
0.49874, 0.49924, 0.32129
0.49518, 0.49565, 0.36145
0.49123, 0.49167, 0.40161
0.4869, 0.48731, 0.44177
0.4822, 0.48257, 0.48193
0.47715, 0.47748, 0.52209
0.47175, 0.47204, 0.56225
0.46601, 0.46627, 0.60241
0.45996, 0.46017, 0.64257
0.4536, 0.45377, 0.68273
0.44695, 0.44708, 0.72289
0.44003, 0.44011, 0.76305
0.43284, 0.43289, 0.80321
0.42542, 0.42542, 0.84337
0.41777, 0.41773, 0.88353
0.4099, 0.40982, 0.92369
0.40185, 0.40173, 0.96386
0.39362, 0.39346, 1.004
0.38523, 0.38503, 1.0442
0.3767, 0.37647, 1.0843
0.36804, 0.36778, 1.1245
0.35928, 0.35899, 1.1647
0.35043, 0.35011, 1.2048
0.34151, 0.34117, 1.245
0.33253, 0.33216, 1.2851
0.32351, 0.32312, 1.3253
0.31447, 0.31407, 1.3655
0.30542, 0.305, 1.4056
0.29637, 0.29595, 1.4458
0.28735, 0.28692, 1.4859
0.27837, 0.27793, 1.5261
0.26943, 0.26899, 1.5663
0.26056, 0.26012, 1.6064
0.25177, 0.25133, 1.6466
0.24307, 0.24263, 1.6867
0.23446, 0.23403, 1.7269
0.22597, 0.22555, 1.7671
0.21759, 0.21719, 1.8072
0.20935, 0.20896, 1.8474
0.20125, 0.20087, 1.8876
0.19329, 0.19293, 1.9277
0.18549, 0.18515, 1.9679
0.17785, 0.17753, 2.008
0.17038, 0.17008, 2.0482
0.16308, 0.16281, 2.0884
0.15596, 0.15571, 2.1285
0.14903, 0.1488, 2.1687
0.14228, 0.14207, 2.2088
0.13572, 0.13553, 2.249
0.12934, 0.12918, 2.2892
0.12317, 0.12303, 2.3293
0.11718, 0.11707, 2.3695
0.11139, 0.1113, 2.4096
0.1058, 0.10573, 2.4498
0.1004, 0.10035, 2.49
0.095192, 0.095168, 2.5301
0.090178, 0.090174, 2.5703
0.085355, 0.08537, 2.6104
0.080719, 0.080752, 2.6506
0.07627, 0.07632, 2.6908
0.072005, 0.07207, 2.7309
0.067919, 0.067999, 2.7711
0.06401, 0.064103, 2.8112
0.060274, 0.060379, 2.8514
0.056708, 0.056824, 2.8916
0.053307, 0.053432, 2.9317
0.050067, 0.0502, 2.9719
0.046984, 0.047124, 3.012
0.044053, 0.044198, 3.0522
0.04127, 0.041419, 3.0924
0.038629, 0.038782, 3.1325
0.036127, 0.036282, 3.1727
0.033758, 0.033914, 3.2129
0.031518, 0.031674, 3.253
0.029401, 0.029557, 3.2932
0.027404, 0.027558, 3.3333
0.025521, 0.025672, 3.3735
0.023747, 0.023895, 3.4137
0.022078, 0.022222, 3.4538
0.020509, 0.020649, 3.494
0.019036, 0.019171, 3.5341
0.017654, 0.017783, 3.5743
0.016358, 0.016482, 3.6145
0.015146, 0.015263, 3.6546
0.014011, 0.014123, 3.6948
0.012951, 0.013056, 3.7349
0.011961, 0.01206, 3.7751
0.011038, 0.01113, 3.8153
0.010178, 0.010264, 3.8554
0.0093778, 0.0094563, 3.8956
0.0086332, 0.0087052, 3.9357
0.0079414, 0.0080069, 3.9759
0.0072992, 0.0073584, 4.0161
0.0067037, 0.0067567, 4.0562
0.0061519, 0.0061989, 4.0964
0.0056411, 0.0056823, 4.1365
0.0051686, 0.0052044, 4.1767
0.0047321, 0.0047626, 4.2169
0.0043291, 0.0043546, 4.257
0.0039574, 0.0039782, 4.2972
0.0036149, 0.0036312, 4.3373
0.0032995, 0.0033117, 4.3775
0.0030094, 0.0030178, 4.4177
0.0027428, 0.0027476, 4.4578
0.0024979, 0.0024994, 4.498
0.0022732, 0.0022718, 4.5382
0.0020672, 0.0020631, 4.5783
0.0018785, 0.001872, 4.6185
0.0017059, 0.0016972, 4.6586
0.001548, 0.0015374, 4.6988
0.0014037, 0.0013914, 4.739
0.001272, 0.0012583, 4.7791
0.0011518, 0.0011369, 4.8193
0.0010423, 0.0010263, 4.8594
0.00094252, 0.00092577, 4.8996
0.00085173, 0.00083434, 4.9398
0.00076918, 0.0007513, 4.9799
0.00069416, 0.00067595, 5.0201
0.00062605, 0.00060764, 5.0602
0.00056426, 0.00054577, 5.1004
0.00050824, 0.00048978, 5.1406
0.00045748, 0.00043917, 5.1807
0.00041154, 0.00039345, 5.2209
0.00036998, 0.00035219, 5.261
0.00033241, 0.00031499, 5.3012
0.00029847, 0.00028148, 5.3414
0.00026783, 0.00025132, 5.3815
0.0002402, 0.00022421, 5.4217
0.00021529, 0.00019985, 5.4618
0.00019284, 0.00017798, 5.502
0.00017264, 0.00015837, 5.5422
0.00015447, 0.00014081, 5.5823
0.00013813, 0.00012508, 5.6225
0.00012345, 0.00011102, 5.6627
0.00011026, 9.8453e-05, 5.7028
9.8435e-05, 8.7235e-05, 5.743
8.7828e-05, 7.723e-05, 5.7831
7.8322e-05, 6.8315e-05, 5.8233
6.9807e-05, 6.0378e-05, 5.8635
6.2186e-05, 5.3317e-05, 5.9036
5.5367e-05, 4.7042e-05, 5.9438
4.9271e-05, 4.1471e-05, 5.9839
4.3824e-05, 3.6528e-05, 6.0241
3.896e-05, 3.2147e-05, 6.0643
3.4618e-05, 2.8268e-05, 6.1044
3.0746e-05, 2.4835e-05, 6.1446
2.7293e-05, 2.1801e-05, 6.1847
2.4216e-05, 1.9121e-05, 6.2249
2.1476e-05, 1.6757e-05, 6.2651
1.9037e-05, 1.4672e-05, 6.3052
1.6868e-05, 1.2836e-05, 6.3454
1.4938e-05, 1.122e-05, 6.3855
1.3224e-05, 9.7993e-06, 6.4257
1.1701e-05, 8.5511e-06, 6.4659
1.0349e-05, 7.4556e-06, 6.506
9.149e-06, 6.495e-06, 6.5462
8.0848e-06, 5.6533e-06, 6.5863
7.1414e-06, 4.9165e-06, 6.6265
6.3054e-06, 4.2721e-06, 6.6667
5.5649e-06, 3.709e-06, 6.7068
4.9094e-06, 3.2174e-06, 6.747
4.3294e-06, 2.7886e-06, 6.7871
3.8164e-06, 2.4149e-06, 6.8273
3.3628e-06, 2.0895e-06, 6.8675
2.962e-06, 1.8064e-06, 6.9076
2.6079e-06, 1.5603e-06, 6.9478
2.2953e-06, 1.3467e-06, 6.988
2.0194e-06, 1.1612e-06, 7.0281
1.7761e-06, 1.0005e-06, 7.0683
1.5614e-06, 8.613e-07, 7.1084
1.3722e-06, 7.4083e-07, 7.1486
1.2055e-06, 6.3666e-07, 7.1888
1.0587e-06, 5.4668e-07, 7.2289
9.2944e-07, 4.6902e-07, 7.2691
8.1568e-07, 4.0205e-07, 7.3092
7.1559e-07, 3.4435e-07, 7.3494
6.2757e-07, 2.9468e-07, 7.3896
5.502e-07, 2.5196e-07, 7.4297
4.8221e-07, 2.1525e-07, 7.4699
4.2248e-07, 1.8373e-07, 7.51
3.7003e-07, 1.567e-07, 7.5502
3.2398e-07, 1.3353e-07, 7.5904
2.8358e-07, 1.1369e-07, 7.6305
2.4814e-07, 9.671e-08, 7.6707
2.1706e-07, 8.22e-08, 7.7108
1.8982e-07, 6.9808e-08, 7.751
1.6594e-07, 5.9234e-08, 7.7912
1.4503e-07, 5.0218e-08, 7.8313
1.2671e-07, 4.2539e-08, 7.8715
1.1068e-07, 3.6004e-08, 7.9116
9.6646e-08, 3.0446e-08, 7.9518
8.4368e-08, 2.5725e-08, 7.992
7.3629e-08, 2.1717e-08, 8.0321
6.4239e-08, 1.8318e-08, 8.0723
5.6031e-08, 1.5438e-08, 8.1124
4.8859e-08, 1.3e-08, 8.1526
4.2593e-08, 1.0938e-08, 8.1928
3.7121e-08, 9.1946e-09, 8.2329
3.2344e-08, 7.7228e-09, 8.2731
2.8174e-08, 6.481e-09, 8.3133
2.4535e-08, 5.4343e-09, 8.3534
2.1361e-08, 4.5528e-09, 8.3936
1.8593e-08, 3.811e-09, 8.4337
1.618e-08, 3.1874e-09, 8.4739
1.4076e-08, 2.6636e-09, 8.5141
1.2243e-08, 2.2239e-09, 8.5542
1.0646e-08, 1.8553e-09, 8.5944
9.255e-09, 1.5465e-09, 8.6345
8.0439e-09, 1.2879e-09, 8.6747
6.9897e-09, 1.0717e-09, 8.7149
6.0722e-09, 8.9102e-10, 8.755
5.2739e-09, 7.4018e-10, 8.7952
4.5794e-09, 6.1435e-10, 8.8353
3.9755e-09, 5.0947e-10, 8.8755
3.4504e-09, 4.2215e-10, 8.9157
2.9939e-09, 3.4949e-10, 8.9558
2.5972e-09, 2.8909e-10, 8.996
2.2525e-09, 2.3893e-10, 9.0361
1.953e-09, 1.9731e-10, 9.0763
1.6929e-09, 1.6279e-10, 9.1165
1.4669e-09, 1.342e-10, 9.1566
1.2707e-09, 1.1054e-10, 9.1968
1.1003e-09, 9.0974e-11, 9.2369
9.523e-10, 7.4806e-11, 9.2771
8.2379e-10, 6.146e-11, 9.3173
7.1217e-10, 5.0452e-11, 9.3574
6.1519e-10, 4.138e-11, 9.3976
5.3088e-10, 3.3911e-11, 9.4378
4.5755e-10, 2.7767e-11, 9.4779
3.9369e-10, 2.2716e-11, 9.5181
3.3801e-10, 1.8568e-11, 9.5582
2.8936e-10, 1.5165e-11, 9.5984
2.4675e-10, 1.2375e-11, 9.6386
2.0929e-10, 1.009e-11, 9.6787
1.7622e-10, 8.2197e-12, 9.7189
1.4685e-10, 6.6905e-12, 9.759
1.2056e-10, 5.4411e-12, 9.7992
9.6815e-11, 4.4213e-12, 9.8394
7.5107e-11, 3.5895e-12, 9.8795
5.4985e-11, 2.9118e-12, 9.9197
3.6023e-11, 2.36e-12, 9.9598
1.7823e-11, 1.9112e-12, 10
0.48746, 0.48795, 0
0.48727, 0.48776, 0.040161
0.48672, 0.4872, 0.080321
0.48579, 0.48627, 0.12048
0.48449, 0.48496, 0.16064
0.48283, 0.48329, 0.2008
0.48081, 0.48125, 0.24096
0.47843, 0.47885, 0.28112
0.4757, 0.4761, 0.32129
0.47262, 0.47301, 0.36145
0.4692, 0.46957, 0.40161
0.46546, 0.4658, 0.44177
0.46139, 0.4617, 0.48193
0.457, 0.45729, 0.52209
0.45232, 0.45257, 0.56225
0.44733, 0.44756, 0.60241
0.44207, 0.44226, 0.64257
0.43653, 0.43669, 0.68273
0.43073, 0.43086, 0.72289
0.42469, 0.42478, 0.76305
0.4184, 0.41847, 0.80321
0.4119, 0.41193, 0.84337
0.40518, 0.40519, 0.88353
0.39827, 0.39824, 0.92369
0.39118, 0.39112, 0.96386
0.38392, 0.38383, 1.004
0.37651, 0.37639, 1.0442
0.36895, 0.3688, 1.0843
0.36127, 0.3611, 1.1245
0.35348, 0.35328, 1.1647
0.34559, 0.34536, 1.2048
0.33761, 0.33737, 1.245
0.32957, 0.3293, 1.2851
0.32147, 0.32118, 1.3253
0.31333, 0.31303, 1.3655
0.30515, 0.30484, 1.4056
0.29697, 0.29664, 1.4458
0.28878, 0.28844, 1.4859
0.2806, 0.28025, 1.5261
0.27244, 0.27209, 1.5663
0.26431, 0.26396, 1.6064
0.25623, 0.25587, 1.6466
0.2482, 0.24785, 1.6867
0.24024, 0.23989, 1.7269
0.23235, 0.232, 1.7671
0.22455, 0.22421, 1.8072
0.21684, 0.21651, 1.8474
0.20924, 0.20891, 1.8876
0.20175, 0.20143, 1.9277
0.19437, 0.19406, 1.9679
0.18712, 0.18682, 2.008
0.18, 0.17972, 2.0482
0.17301, 0.17275, 2.0884
0.16617, 0.16592, 2.1285
0.15947, 0.15924, 2.1687
0.15293, 0.15271, 2.2088
0.14654, 0.14634, 2.249
0.1403, 0.14013, 2.2892
0.13423, 0.13407, 2.3293
0.12832, 0.12818, 2.3695
0.12258, 0.12246, 2.4096
0.117, 0.1169, 2.4498
0.11159, 0.1115, 2.49
0.10635, 0.10628, 2.5301
0.10127, 0.10122, 2.5703
0.096363, 0.096326, 2.6104
0.091621, 0.0916, 2.6506
0.087045, 0.087039, 2.6908
0.082633, 0.082642, 2.7309
0.078384, 0.078406, 2.7711
0.074295, 0.074331, 2.8112
0.070365, 0.070413, 2.8514
0.066591, 0.06665, 2.8916
0.062971, 0.063041, 2.9317
0.059501, 0.059581, 2.9719
0.056179, 0.056267, 3.012
0.053002, 0.053097, 3.0522
0.049965, 0.050067, 3.0924
0.047066, 0.047174, 3.1325
0.044301, 0.044414, 3.1727
0.041666, 0.041783, 3.2129
0.039158, 0.039278, 3.253
0.036772, 0.036895, 3.2932
0.034505, 0.03463, 3.3333
0.032354, 0.032479, 3.3735
0.030312, 0.030438, 3.4137
0.028378, 0.028503, 3.4538
0.026548, 0.026671, 3.494
0.024816, 0.024938, 3.5341
0.023179, 0.023299, 3.5743
0.021634, 0.021751, 3.6145
0.020177, 0.020291, 3.6546
0.018804, 0.018914, 3.6948
0.01751, 0.017617, 3.7349
0.016294, 0.016396, 3.7751
0.015151, 0.015248, 3.8153
0.014077, 0.01417, 3.8554
0.013069, 0.013157, 3.8956
0.012125, 0.012208, 3.9357
0.011241, 0.011319, 3.9759
0.010413, 0.010486, 4.0161
0.0096391, 0.0097069, 4.0562
0.0089162, 0.008979, 4.0964
0.0082415, 0.0082992, 4.1365
0.0076123, 0.007665, 4.1767
0.007026, 0.0070739, 4.2169
0.0064801, 0.0065233, 4.257
0.0059724, 0.006011, 4.2972
0.0055004, 0.0055346, 4.3373
0.0050622, 0.0050921, 4.3775
0.0046555, 0.0046814, 4.4177
0.0042785, 0.0043005, 4.4578
0.0039292, 0.0039475, 4.498
0.003606, 0.0036208, 4.5382
0.003307, 0.0033185, 4.5783
0.0030307, 0.0030391, 4.6185
0.0027755, 0.0027811, 4.6586
0.0025401, 0.0025431, 4.6988
0.0023231, 0.0023237, 4.739
0.0021232, 0.0021215, 4.7791
0.0019392, 0.0019355, 4.8193
0.0017699, 0.0017644, 4.8594
0.0016143, 0.0016072, 4.8996
0.0014715, 0.0014629, 4.9398
0.0013404, 0.0013305, 4.9799
0.0012201, 0.0012092, 5.0201
0.00111, 0.0010981, 5.0602
0.0010091, 0.00099639, 5.1004
0.00091685, 0.00090344, 5.1406
0.00083248, 0.00081854, 5.1807
0.0007554, 0.00074104, 5.2209
0.00068502, 0.00067037, 5.261
0.00062082, 0.00060597, 5.3012
0.00056229, 0.00054734, 5.3414
0.00050897, 0.000494, 5.3815
0.00046042, 0.00044552, 5.4217
0.00041626, 0.00040148, 5.4618
0.00037611, 0.00036152, 5.502
0.00033963, 0.00032529, 5.5422
0.00030651, 0.00029247, 5.5823
0.00027645, 0.00026275, 5.6225
0.00024921, 0.00023587, 5.6627
0.00022452, 0.00021158, 5.7028
0.00020216, 0.00018965, 5.743
0.00018192, 0.00016986, 5.7831
0.00016363, 0.00015202, 5.8233
0.00014709, 0.00013594, 5.8635
0.00013215, 0.00012148, 5.9036
0.00011866, 0.00010847, 5.9438
0.00010649, 9.6774e-05, 5.9839
9.5525e-05, 8.6276e-05, 6.0241
8.564e-05, 7.6858e-05, 6.0643
7.6739e-05, 6.8416e-05, 6.1044
6.8727e-05, 6.0854e-05, 6.1446
6.152e-05, 5.4087e-05, 6.1847
5.5042e-05, 4.8035e-05, 6.2249
4.9221e-05, 4.2627e-05, 6.2651
4.3994e-05, 3.78e-05, 6.3052
3.9303e-05, 3.3493e-05, 6.3454
3.5095e-05, 2.9654e-05, 6.3855
3.1323e-05, 2.6235e-05, 6.4257
2.7942e-05, 2.3192e-05, 6.4659
2.4915e-05, 2.0487e-05, 6.506
2.2206e-05, 1.8083e-05, 6.5462
1.9782e-05, 1.5949e-05, 6.5863
1.7615e-05, 1.4056e-05, 6.6265
1.5678e-05, 1.2378e-05, 6.6667
1.3948e-05, 1.0893e-05, 6.7068
1.2403e-05, 9.5777e-06, 6.747
1.1025e-05, 8.415e-06, 6.7871
9.7951e-06, 7.3879e-06, 6.8273
8.6991e-06, 6.4811e-06, 6.8675
7.7224e-06, 5.6812e-06, 6.9076
6.8525e-06, 4.9763e-06, 6.9478
6.0781e-06, 4.3554e-06, 6.988
5.389e-06, 3.8091e-06, 7.0281
4.7761e-06, 3.3288e-06, 7.0683
4.2312e-06, 2.9068e-06, 7.1084
3.747e-06, 2.5364e-06, 7.1486
3.3169e-06, 2.2114e-06, 7.1888
2.935e-06, 1.9266e-06, 7.2289
2.5961e-06, 1.6772e-06, 7.2691
2.2955e-06, 1.459e-06, 7.3092
2.0289e-06, 1.2682e-06, 7.3494
1.7926e-06, 1.1015e-06, 7.3896
1.5832e-06, 9.5594e-07, 7.4297
1.3978e-06, 8.29e-07, 7.4699
1.2337e-06, 7.1837e-07, 7.51
1.0884e-06, 6.2202e-07, 7.5502
9.5991e-07, 5.3819e-07, 7.5904
8.463e-07, 4.6529e-07, 7.6305
7.4587e-07, 4.0196e-07, 7.6707
6.5714e-07, 3.4698e-07, 7.7108
5.7876e-07, 2.9929e-07, 7.751
5.0957e-07, 2.5796e-07, 7.7912
4.485e-07, 2.2217e-07, 7.8313
3.9461e-07, 1.9119e-07, 7.8715
3.4709e-07, 1.6441e-07, 7.9116
3.052e-07, 1.4127e-07, 7.9518
2.6827e-07, 1.2129e-07, 7.992
2.3574e-07, 1.0406e-07, 8.0321
2.0709e-07, 8.921e-08, 8.0723
1.8187e-07, 7.6419e-08, 8.1124
1.5967e-07, 6.5412e-08, 8.1526
1.4014e-07, 5.5948e-08, 8.1928
1.2296e-07, 4.7816e-08, 8.2329
1.0785e-07, 4.0834e-08, 8.2731
9.4574e-08, 3.4845e-08, 8.3133
8.2907e-08, 2.9712e-08, 8.3534
7.2659e-08, 2.5315e-08, 8.3936
6.3659e-08, 2.1553e-08, 8.4337
5.5759e-08, 1.8336e-08, 8.4739
4.8825e-08, 1.5586e-08, 8.5141
4.2742e-08, 1.3239e-08, 8.5542
3.7407e-08, 1.1237e-08, 8.5944
3.2728e-08, 9.5303e-09, 8.6345
2.8627e-08, 8.0765e-09, 8.6747
2.5033e-08, 6.8393e-09, 8.7149
2.1885e-08, 5.7871e-09, 8.755
1.9127e-08, 4.8931e-09, 8.7952
1.6713e-08, 4.134e-09, 8.8353
1.4599e-08, 3.4899e-09, 8.8755
1.2749e-08, 2.944e-09, 8.9157
1.1131e-08, 2.4815e-09, 8.9558
9.7148e-09, 2.0901e-09, 8.996
8.4766e-09, 1.7591e-09, 9.0361
7.3939e-09, 1.4793e-09, 9.0763
6.4474e-09, 1.2431e-09, 9.1165
5.62e-09, 1.0438e-09, 9.1566
4.8969e-09, 8.7583e-10, 9.1968
4.265e-09, 7.3429e-10, 9.2369
3.7127e-09, 6.1515e-10, 9.2771
3.2299e-09, 5.1495e-10, 9.3173
2.8079e-09, 4.3074e-10, 9.3574
2.4389e-09, 3.6002e-10, 9.3976
2.116e-09, 3.0069e-10, 9.4378
1.8333e-09, 2.5093e-10, 9.4779
1.5855e-09, 2.0925e-10, 9.5181
1.368e-09, 1.7436e-10, 9.5582
1.1766e-09, 1.4518e-10, 9.5984
1.0079e-09, 1.2079e-10, 9.6386
8.5848e-10, 1.0041e-10, 9.6787
7.2567e-10, 8.3415e-11, 9.7189
6.0688e-10, 6.924e-11, 9.759
4.9985e-10, 5.743e-11, 9.7992
4.0251e-10, 4.7597e-11, 9.8394
3.1299e-10, 3.9418e-11, 9.8795
2.2956e-10, 3.2619e-11, 9.9197
1.506e-10, 2.6972e-11, 9.9598
7.4572e-11, 2.2286e-11, 10
0.46585, 0.46625, 0
0.46569, 0.46609, 0.040161
0.46521, 0.4656, 0.080321
0.46439, 0.46478, 0.12048
0.46326, 0.46364, 0.16064
0.46181, 0.46218, 0.2008
0.46004, 0.4604, 0.24096
0.45796, 0.45831, 0.28112
0.45557, 0.45591, 0.32129
0.45288, 0.4532, 0.36145
0.44988, 0.45019, 0.40161
0.4466, 0.44689, 0.44177
0.44303, 0.4433, 0.48193
0.43918, 0.43943, 0.52209
0.43506, 0.43529, 0.56225
0.43068, 0.43088, 0.60241
0.42605, 0.42622, 0.64257
0.42117, 0.42132, 0.68273
0.41606, 0.41618, 0.72289
0.41072, 0.41082, 0.76305
0.40516, 0.40524, 0.80321
0.3994, 0.39946, 0.84337
0.39345, 0.39348, 0.88353
0.38732, 0.38732, 0.92369
0.38101, 0.38099, 0.96386
0.37455, 0.3745, 1.004
0.36793, 0.36786, 1.0442
0.36118, 0.36109, 1.0843
0.35431, 0.35419, 1.1245
0.34732, 0.34718, 1.1647
0.34023, 0.34007, 1.2048
0.33305, 0.33288, 1.245
0.3258, 0.32561, 1.2851
0.31848, 0.31827, 1.3253
0.3111, 0.31088, 1.3655
0.30368, 0.30345, 1.4056
0.29624, 0.29599, 1.4458
0.28877, 0.28851, 1.4859
0.28129, 0.28102, 1.5261
0.27381, 0.27353, 1.5663
0.26634, 0.26606, 1.6064
0.2589, 0.25861, 1.6466
0.25148, 0.25119, 1.6867
0.24411, 0.24382, 1.7269
0.23678, 0.23649, 1.7671
0.22951, 0.22923, 1.8072
0.22231, 0.22203, 1.8474
0.21518, 0.2149, 1.8876
0.20814, 0.20786, 1.9277
0.20118, 0.20091, 1.9679
0.19432, 0.19406, 2.008
0.18756, 0.18731, 2.0482
0.1809, 0.18066, 2.0884
0.17436, 0.17413, 2.1285
0.16794, 0.16772, 2.1687
0.16164, 0.16143, 2.2088
0.15546, 0.15527, 2.249
0.14942, 0.14924, 2.2892
0.14351, 0.14334, 2.3293
0.13773, 0.13758, 2.3695
0.1321, 0.13196, 2.4096
0.1266, 0.12648, 2.4498
0.12125, 0.12114, 2.49
0.11604, 0.11594, 2.5301
0.11098, 0.11089, 2.5703
0.10606, 0.10599, 2.6104
0.10129, 0.10123, 2.6506
0.096661, 0.096618, 2.6908
0.092182, 0.092152, 2.7309
0.087847, 0.08783, 2.7711
0.083657, 0.083652, 2.8112
0.079611, 0.079617, 2.8514
0.075706, 0.075723, 2.8916
0.071943, 0.07197, 2.9317
0.068317, 0.068354, 2.9719
0.064829, 0.064875, 3.012
0.061475, 0.061529, 3.0522
0.058254, 0.058316, 3.0924
0.055162, 0.055231, 3.1325
0.052198, 0.052273, 3.1727
0.049358, 0.049438, 3.2129
0.046639, 0.046725, 3.253
0.044039, 0.044129, 3.2932
0.041555, 0.041649, 3.3333
0.039184, 0.03928, 3.3735
0.036921, 0.03702, 3.4137
0.034765, 0.034866, 3.4538
0.032712, 0.032814, 3.494
0.030759, 0.030861, 3.5341
0.028902, 0.029004, 3.5743
0.027138, 0.027239, 3.6145
0.025464, 0.025564, 3.6546
0.023876, 0.023976, 3.6948
0.022372, 0.02247, 3.7349
0.020948, 0.021044, 3.7751
0.019601, 0.019694, 3.8153
0.018328, 0.018419, 3.8554
0.017126, 0.017213, 3.8956
0.015992, 0.016076, 3.9357
0.014922, 0.015003, 3.9759
0.013915, 0.013992, 4.0161
0.012966, 0.01304, 4.0562
0.012074, 0.012144, 4.0964
0.011236, 0.011302, 4.1365
0.010449, 0.01051, 4.1767
0.0097098, 0.0097677, 4.2169
0.0090172, 0.0090712, 4.257
0.0083684, 0.0084184, 4.2972
0.007761, 0.0078071, 4.3373
0.0071928, 0.0072351, 4.3775
0.0066618, 0.0067003, 4.4177
0.0061659, 0.0062008, 4.4578
0.0057031, 0.0057344, 4.498
0.0052716, 0.0052994, 4.5382
0.0048694, 0.0048939, 4.5783
0.004495, 0.0045164, 4.6185
0.0041467, 0.004165, 4.6586
0.0038229, 0.0038382, 4.6988
0.003522, 0.0035347, 4.739
0.0032428, 0.0032528, 4.7791
0.0029837, 0.0029913, 4.8193
0.0027436, 0.002749, 4.8594
0.0025212, 0.0025244, 4.8996
0.0023154, 0.0023166, 4.9398
0.002125, 0.0021244, 4.9799
0.0019491, 0.0019468, 5.0201
0.0017866, 0.0017828, 5.0602
0.0016366, 0.0016315, 5.1004
0.0014983, 0.0014919, 5.1406
0.0013708, 0.0013634, 5.1807
0.0012534, 0.001245, 5.2209
0.0011454, 0.0011361, 5.261
0.001046, 0.0010361, 5.3012
0.00095469, 0.00094413, 5.3414
0.00087083, 0.00085976, 5.3815
0.00079386, 0.00078237, 5.4217
0.00072326, 0.00071146, 5.4618
0.00065856, 0.00064651, 5.502
0.00059929, 0.00058709, 5.5422
0.00054505, 0.00053275, 5.5823
0.00049542, 0.0004831, 5.6225
0.00045006, 0.00043777, 5.6627
0.00040862, 0.00039642, 5.7028
0.00037078, 0.00035872, 5.743
0.00033627, 0.00032438, 5.7831
0.00030479, 0.00029312, 5.8233
0.00027611, 0.00026469, 5.8635
0.00024999, 0.00023885, 5.9036
0.00022622, 0.00021538, 5.9438
0.00020459, 0.00019408, 5.9839
0.00018494, 0.00017476, 6.0241
0.00016709, 0.00015726, 6.0643
0.00015088, 0.00014141, 6.1044
0.00013617, 0.00012706, 6.1446
0.00012283, 0.0001141, 6.1847
0.00011074, 0.00010238, 6.2249
9.9788e-05, 9.1804e-05, 6.2651
8.9875e-05, 8.2262e-05, 6.3052
8.0906e-05, 7.3661e-05, 6.3454
7.2796e-05, 6.5912e-05, 6.3855
6.5467e-05, 5.8937e-05, 6.4257
5.8846e-05, 5.2663e-05, 6.4659
5.287e-05, 4.7024e-05, 6.506
4.7478e-05, 4.196e-05, 6.5462
4.2615e-05, 3.7415e-05, 6.5863
3.8232e-05, 3.3338e-05, 6.6265
3.4284e-05, 2.9685e-05, 6.6667
3.073e-05, 2.6414e-05, 6.7068
2.7531e-05, 2.3487e-05, 6.747
2.4654e-05, 2.0869e-05, 6.7871
2.2067e-05, 1.853e-05, 6.8273
1.9744e-05, 1.6442e-05, 6.8675
1.7657e-05, 1.4579e-05, 6.9076
1.5783e-05, 1.2918e-05, 6.9478
1.4102e-05, 1.1438e-05, 6.988
1.2595e-05, 1.0121e-05, 7.0281
1.1244e-05, 8.9487e-06, 7.0683
1.0034e-05, 7.9069e-06, 7.1084
8.9503e-06, 6.9815e-06, 7.1486
7.9803e-06, 6.1601e-06, 7.1888
7.1125e-06, 5.4315e-06, 7.2289
6.3364e-06, 4.7857e-06, 7.2691
5.6428e-06, 4.2138e-06, 7.3092
5.023e-06, 3.7076e-06, 7.3494
4.4696e-06, 3.2599e-06, 7.3896
3.9756e-06, 2.8643e-06, 7.4297
3.5348e-06, 2.5149e-06, 7.4699
3.1416e-06, 2.2066e-06, 7.51
2.7911e-06, 1.9347e-06, 7.5502
2.4788e-06, 1.6952e-06, 7.5904
2.2006e-06, 1.4842e-06, 7.6305
1.9529e-06, 1.2986e-06, 7.6707
1.7325e-06, 1.1354e-06, 7.7108
1.5363e-06, 9.9207e-07, 7.751
1.3619e-06, 8.6618e-07, 7.7912
1.2069e-06, 7.5574e-07, 7.8313
1.0691e-06, 6.5892e-07, 7.8715
9.4671e-07, 5.7411e-07, 7.9116
8.3805e-07, 4.9985e-07, 7.9518
7.4161e-07, 4.349e-07, 7.992
6.5604e-07, 3.7812e-07, 8.0321
5.8015e-07, 3.2853e-07, 8.0723
5.1286e-07, 2.8524e-07, 8.1124
4.5323e-07, 2.4748e-07, 8.1526
4.004e-07, 2.1456e-07, 8.1928
3.5362e-07, 1.859e-07, 8.2329
3.122e-07, 1.6095e-07, 8.2731
2.7554e-07, 1.3925e-07, 8.3133
2.4311e-07, 1.2039e-07, 8.3534
2.1443e-07, 1.0402e-07, 8.3936
1.8908e-07, 8.9806e-08, 8.4337
1.6667e-07, 7.7482e-08, 8.4739
1.4687e-07, 6.6802e-08, 8.5141
1.2939e-07, 5.7553e-08, 8.5542
1.1395e-07, 4.9551e-08, 8.5944
1.0032e-07, 4.2631e-08, 8.6345
8.8301e-08, 3.6652e-08, 8.6747
7.7696e-08, 3.1489e-08, 8.7149
6.8344e-08, 2.7034e-08, 8.755
6.01e-08, 2.3194e-08, 8.7952
5.2835e-08, 1.9885e-08, 8.8353
4.6434e-08, 1.7036e-08, 8.8755
4.0796e-08, 1.4585e-08, 8.9157
3.5832e-08, 1.2478e-08, 8.9558
3.1461e-08, 1.0668e-08, 8.996
2.7615e-08, 9.1141e-09, 9.0361
2.423e-08, 7.781e-09, 9.0763
2.1253e-08, 6.6383e-09, 9.1165
1.8633e-08, 5.6594e-09, 9.1566
1.6329e-08, 4.8215e-09, 9.1968
1.4303e-08, 4.1048e-09, 9.2369
1.2521e-08, 3.4921e-09, 9.2771
1.0954e-08, 2.9688e-09, 9.3173
9.575e-09, 2.5222e-09, 9.3574
8.3613e-09, 2.1412e-09, 9.3976
7.2926e-09, 1.8166e-09, 9.4378
6.3506e-09, 1.54e-09, 9.4779
5.5195e-09, 1.3047e-09, 9.5181
4.785e-09, 1.1045e-09, 9.5582
4.1345e-09, 9.3441e-10, 9.5984
3.5569e-09, 7.8995e-10, 9.6386
3.0421e-09, 6.6735e-10, 9.6787
2.5812e-09, 5.6338e-10, 9.7189
2.1661e-09, 4.7528e-10, 9.759
1.7895e-09, 4.0068e-10, 9.7992
1.4449e-09, 3.3754e-10, 9.8394
1.1261e-09, 2.8416e-10, 9.8795
8.2735e-10, 2.3905e-10, 9.9197
5.4347e-10, 2.0096e-10, 9.9598
2.6932e-10, 1.6882e-10, 10
0.44689, 0.44721, 0
0.44674, 0.44707, 0.040161
0.44631, 0.44664, 0.080321
0.4456, 0.44592, 0.12048
0.4446, 0.44491, 0.16064
0.44331, 0.44362, 0.2008
0.44175, 0.44205, 0.24096
0.43991, 0.4402, 0.28112
0.43779, 0.43808, 0.32129
0.43541, 0.43568, 0.36145
0.43276, 0.43302, 0.40161
0.42985, 0.43009, 0.44177
0.42669, 0.42692, 0.48193
0.42328, 0.42349, 0.52209
0.41962, 0.41981, 0.56225
0.41573, 0.4159, 0.60241
0.41161, 0.41177, 0.64257
0.40727, 0.40741, 0.68273
0.40271, 0.40283, 0.72289
0.39795, 0.39805, 0.76305
0.393, 0.39308, 0.80321
0.38785, 0.38791, 0.84337
0.38253, 0.38257, 0.88353
0.37704, 0.37706, 0.92369
0.37138, 0.37138, 0.96386
0.36558, 0.36556, 1.004
0.35963, 0.35959, 1.0442
0.35356, 0.3535, 1.0843
0.34736, 0.34728, 1.1245
0.34105, 0.34095, 1.1647
0.33464, 0.33453, 1.2048
0.32813, 0.32801, 1.245
0.32155, 0.32141, 1.2851
0.3149, 0.31474, 1.3253
0.30818, 0.30801, 1.3655
0.30141, 0.30123, 1.4056
0.2946, 0.29441, 1.4458
0.28776, 0.28756, 1.4859
0.2809, 0.28069, 1.5261
0.27402, 0.2738, 1.5663
0.26713, 0.26691, 1.6064
0.26026, 0.26003, 1.6466
0.25339, 0.25316, 1.6867
0.24655, 0.24631, 1.7269
0.23973, 0.23949, 1.7671
0.23295, 0.23272, 1.8072
0.22622, 0.22598, 1.8474
0.21954, 0.21931, 1.8876
0.21292, 0.21269, 1.9277
0.20637, 0.20614, 1.9679
0.19988, 0.19966, 2.008
0.19348, 0.19326, 2.0482
0.18716, 0.18694, 2.0884
0.18092, 0.18072, 2.1285
0.17478, 0.17458, 2.1687
0.16874, 0.16855, 2.2088
0.16281, 0.16262, 2.249
0.15698, 0.1568, 2.2892
0.15126, 0.15109, 2.3293
0.14565, 0.1455, 2.3695
0.14016, 0.14002, 2.4096
0.13479, 0.13466, 2.4498
0.12954, 0.12942, 2.49
0.12441, 0.1243, 2.5301
0.11941, 0.11932, 2.5703
0.11454, 0.11445, 2.6104
0.10979, 0.10972, 2.6506
0.10517, 0.10511, 2.6908
0.10068, 0.10063, 2.7309
0.096323, 0.096279, 2.7711
0.092091, 0.092058, 2.8112
0.087987, 0.087965, 2.8514
0.084012, 0.083999, 2.8916
0.080164, 0.080161, 2.9317
0.076443, 0.076448, 2.9719
0.072847, 0.072861, 3.012
0.069375, 0.069397, 3.0522
0.066025, 0.066055, 3.0924
0.062796, 0.062833, 3.1325
0.059687, 0.059731, 3.1727
0.056694, 0.056744, 3.2129
0.053817, 0.053872, 3.253
0.051052, 0.051113, 3.2932
0.048398, 0.048464, 3.3333
0.045852, 0.045922, 3.3735
0.043412, 0.043486, 3.4137
0.041076, 0.041152, 3.4538
0.03884, 0.038918, 3.494
0.036701, 0.036782, 3.5341
0.034658, 0.034741, 3.5743
0.032708, 0.032792, 3.6145
0.030848, 0.030932, 3.6546
0.029074, 0.029159, 3.6948
0.027385, 0.02747, 3.7349
0.025778, 0.025862, 3.7751
0.024249, 0.024332, 3.8153
0.022796, 0.022878, 3.8554
0.021417, 0.021497, 3.8956
0.020108, 0.020187, 3.9357
0.018867, 0.018944, 3.9759
0.017691, 0.017766, 4.0161
0.016578, 0.016651, 4.0562
0.015525, 0.015595, 4.0964
0.01453, 0.014597, 4.1365
0.01359, 0.013654, 4.1767
0.012703, 0.012764, 4.2169
0.011866, 0.011924, 4.257
0.011077, 0.011133, 4.2972
0.010334, 0.010387, 4.3373
0.0096352, 0.0096844, 4.3775
0.0089778, 0.0090239, 4.4177
0.00836, 0.008403, 4.4578
0.0077799, 0.0078197, 4.498
0.0072355, 0.0072723, 4.5382
0.0067251, 0.0067588, 4.5783
0.0062468, 0.0062775, 4.6185
0.0057989, 0.0058268, 4.6586
0.0053798, 0.0054049, 4.6988
0.0049879, 0.0050103, 4.739
0.0046218, 0.0046415, 4.7791
0.0042799, 0.0042971, 4.8193
0.0039609, 0.0039757, 4.8594
0.0036635, 0.003676, 4.8996
0.0033863, 0.0033967, 4.9398
0.0031282, 0.0031365, 4.9799
0.0028881, 0.0028944, 5.0201
0.0026648, 0.0026693, 5.0602
0.0024573, 0.0024601, 5.1004
0.0022646, 0.0022659, 5.1406
0.0020858, 0.0020856, 5.1807
0.00192, 0.0019184, 5.2209
0.0017663, 0.0017635, 5.261
0.001624, 0.0016201, 5.3012
0.0014923, 0.0014874, 5.3414
0.0013704, 0.0013646, 5.3815
0.0012578, 0.0012512, 5.4217
0.0011538, 0.0011465, 5.4618
0.0010578, 0.0010498, 5.502
0.00096923, 0.0009607, 5.5422
0.00088757, 0.00087858, 5.5823
0.00081233, 0.00080297, 5.6225
0.00074306, 0.00073338, 5.6627
0.00067931, 0.0006694, 5.7028
0.0006207, 0.0006106, 5.743
0.00056682, 0.00055661, 5.7831
0.00051734, 0.00050707, 5.8233
0.00047193, 0.00046163, 5.8635
0.00043026, 0.00042, 5.9036
0.00039207, 0.00038188, 5.9438
0.00035707, 0.00034699, 5.9839
0.00032503, 0.00031509, 6.0241
0.0002957, 0.00028593, 6.0643
0.00026888, 0.00025931, 6.1044
0.00024437, 0.00023501, 6.1446
0.00022198, 0.00021285, 6.1847
0.00020153, 0.00019266, 6.2249
0.00018287, 0.00017427, 6.2651
0.00016586, 0.00015753, 6.3052
0.00015035, 0.00014231, 6.3454
0.00013623, 0.00012848, 6.3855
0.00012337, 0.00011592, 6.4257
0.00011167, 0.00010451, 6.4659
0.00010103, 9.4172e-05, 6.506
9.1358e-05, 8.4799e-05, 6.5462
8.2573e-05, 7.631e-05, 6.5863
7.4597e-05, 6.8626e-05, 6.6265
6.7359e-05, 6.1676e-05, 6.6667
6.0795e-05, 5.5395e-05, 6.7068
5.4845e-05, 4.9721e-05, 6.747
4.9454e-05, 4.4599e-05, 6.7871
4.4572e-05, 3.9979e-05, 6.8273
4.0154e-05, 3.5815e-05, 6.8675
3.6157e-05, 3.2064e-05, 6.9076
3.2543e-05, 2.8687e-05, 6.9478
2.9278e-05, 2.5649e-05, 6.988
2.6328e-05, 2.2918e-05, 7.0281
2.3665e-05, 2.0465e-05, 7.0683
2.1262e-05, 1.8262e-05, 7.1084
1.9095e-05, 1.6286e-05, 7.1486
1.7141e-05, 1.4515e-05, 7.1888
1.5381e-05, 1.2927e-05, 7.2289
1.3796e-05, 1.1506e-05, 7.2691
1.2368e-05, 1.0235e-05, 7.3092
1.1084e-05, 9.0981e-06, 7.3494
9.9292e-06, 8.0823e-06, 7.3896
8.8909e-06, 7.1753e-06, 7.4297
7.958e-06, 6.366e-06, 7.4699
7.1201e-06, 5.6443e-06, 7.51
6.3678e-06, 5.0012e-06, 7.5502
5.6928e-06, 4.4286e-06, 7.5904
5.0873e-06, 3.9189e-06, 7.6305
4.5445e-06, 3.4657e-06, 7.6707
4.058e-06, 3.0629e-06, 7.7108
3.6222e-06, 2.7052e-06, 7.751
3.232e-06, 2.3877e-06, 7.7912
2.8827e-06, 2.1061e-06, 7.8313
2.5702e-06, 1.8566e-06, 7.8715
2.2907e-06, 1.6355e-06, 7.9116
2.0409e-06, 1.4399e-06, 7.9518
1.8177e-06, 1.2668e-06, 7.992
1.6182e-06, 1.1138e-06, 8.0321
1.4402e-06, 9.7865e-07, 8.0723
1.2813e-06, 8.5935e-07, 8.1124
1.1395e-06, 7.5411e-07, 8.1526
1.013e-06, 6.6133e-07, 8.1928
9.0032e-07, 5.7959e-07, 8.2329
7.9986e-07, 5.0762e-07, 8.2731
7.1037e-07, 4.4431e-07, 8.3133
6.3068e-07, 3.8864e-07, 8.3534
5.5974e-07, 3.3972e-07, 8.3936
4.9661e-07, 2.9677e-07, 8.4337
4.4046e-07, 2.5909e-07, 8.4739
3.9053e-07, 2.2604e-07, 8.5141
3.4614e-07, 1.9708e-07, 8.5542
3.0671e-07, 1.7172e-07, 8.5944
2.7167e-07, 1.4953e-07, 8.6345
2.4056e-07, 1.3012e-07, 8.6747
2.1295e-07, 1.1316e-07, 8.7149
1.8844e-07, 9.8344e-08, 8.755
1.667e-07, 8.5414e-08, 8.7952
1.4742e-07, 7.4136e-08, 8.8353
1.3033e-07, 6.4305e-08, 8.8755
1.1518e-07, 5.5742e-08, 8.9157
1.0176e-07, 4.8288e-08, 8.9558
8.9869e-08, 4.1804e-08, 8.996
7.9339e-08, 3.6168e-08, 9.0361
7.0016e-08, 3.1271e-08, 9.0763
6.1762e-08, 2.7019e-08, 9.1165
5.4457e-08, 2.3331e-08, 9.1566
4.7992e-08, 2.0133e-08, 9.1968
4.2271e-08, 1.7362e-08, 9.2369
3.7207e-08, 1.4963e-08, 9.2771
3.2726e-08, 1.2887e-08, 9.3173
2.8758e-08, 1.1092e-08, 9.3574
2.5244e-08, 9.5411e-09, 9.3976
2.2129e-08, 8.2015e-09, 9.4378
1.9366e-08, 7.0455e-09, 9.4779
1.6912e-08, 6.0485e-09, 9.5181
1.4729e-08, 5.1892e-09, 9.5582
1.2783e-08, 4.4492e-09, 9.5984
1.1043e-08, 3.8122e-09, 9.6386
9.4817e-09, 3.2643e-09, 9.6787
8.0742e-09, 2.7933e-09, 9.7189
6.798e-09, 2.3888e-09, 9.759
5.6327e-09, 2.0415e-09, 9.7992
4.5595e-09, 1.7436e-09, 9.8394
3.5609e-09, 1.4882e-09, 9.8795
2.6207e-09, 1.2694e-09, 9.9197
1.7236e-09, 1.0821e-09, 9.9598
8.5475e-10, 9.2178e-10, 10
0.43006, 0.43033, 0
0.42993, 0.4302, 0.040161
0.42955, 0.42982, 0.080321
0.42891, 0.42918, 0.12048
0.42802, 0.42828, 0.16064
0.42687, 0.42713, 0.2008
0.42548, 0.42573, 0.24096
0.42383, 0.42408, 0.28112
0.42195, 0.42218, 0.32129
0.41982, 0.42005, 0.36145
0.41745, 0.41767, 0.40161
0.41485, 0.41506, 0.44177
0.41202, 0.41222, 0.48193
0.40897, 0.40915, 0.52209
0.40569, 0.40586, 0.56225
0.40221, 0.40236, 0.60241
0.39851, 0.39865, 0.64257
0.39462, 0.39474, 0.68273
0.39053, 0.39064, 0.72289
0.38625, 0.38635, 0.76305
0.38179, 0.38187, 0.80321
0.37716, 0.37722, 0.84337
0.37236, 0.37241, 0.88353
0.36741, 0.36744, 0.92369
0.3623, 0.36232, 0.96386
0.35705, 0.35705, 1.004
0.35167, 0.35165, 1.0442
0.34616, 0.34613, 1.0843
0.34054, 0.34049, 1.1245
0.33481, 0.33474, 1.1647
0.32897, 0.3289, 1.2048
0.32305, 0.32296, 1.245
0.31704, 0.31694, 1.2851
0.31096, 0.31084, 1.3253
0.30481, 0.30469, 1.3655
0.29861, 0.29847, 1.4056
0.29235, 0.29221, 1.4458
0.28606, 0.28591, 1.4859
0.27974, 0.27957, 1.5261
0.27339, 0.27322, 1.5663
0.26702, 0.26684, 1.6064
0.26065, 0.26047, 1.6466
0.25428, 0.25409, 1.6867
0.24791, 0.24772, 1.7269
0.24156, 0.24136, 1.7671
0.23523, 0.23503, 1.8072
0.22893, 0.22873, 1.8474
0.22266, 0.22246, 1.8876
0.21644, 0.21624, 1.9277
0.21026, 0.21007, 1.9679
0.20414, 0.20395, 2.008
0.19808, 0.19789, 2.0482
0.19208, 0.19189, 2.0884
0.18615, 0.18597, 2.1285
0.1803, 0.18012, 2.1687
0.17452, 0.17435, 2.2088
0.16883, 0.16866, 2.249
0.16322, 0.16306, 2.2892
0.15771, 0.15756, 2.3293
0.15229, 0.15215, 2.3695
0.14697, 0.14683, 2.4096
0.14175, 0.14162, 2.4498
0.13664, 0.13651, 2.49
0.13162, 0.13151, 2.5301
0.12672, 0.12662, 2.5703
0.12193, 0.12183, 2.6104
0.11724, 0.11716, 2.6506
0.11267, 0.11259, 2.6908
0.10821, 0.10814, 2.7309
0.10387, 0.10381, 2.7711
0.099636, 0.099586, 2.8112
0.095521, 0.095479, 2.8514
0.09152, 0.091487, 2.8916
0.087634, 0.087609, 2.9317
0.083862, 0.083846, 2.9719
0.080205, 0.080196, 3.012
0.076661, 0.07666, 3.0522
0.073229, 0.073235, 3.0924
0.069909, 0.069922, 3.1325
0.066699, 0.066719, 3.1727
0.063599, 0.063624, 3.2129
0.060606, 0.060637, 3.253
0.057719, 0.057756, 3.2932
0.054937, 0.054979, 3.3333
0.052257, 0.052303, 3.3735
0.049678, 0.049729, 3.4137
0.047199, 0.047253, 3.4538
0.044816, 0.044873, 3.494
0.042527, 0.042588, 3.5341
0.040332, 0.040395, 3.5743
0.038227, 0.038292, 3.6145
0.03621, 0.036277, 3.6546
0.034279, 0.034347, 3.6948
0.032431, 0.032501, 3.7349
0.030665, 0.030735, 3.7751
0.028977, 0.029048, 3.8153
0.027367, 0.027438, 3.8554
0.02583, 0.025901, 3.8956
0.024365, 0.024435, 3.9357
0.022969, 0.023039, 3.9759
0.021641, 0.021709, 4.0161
0.020377, 0.020444, 4.0562
0.019176, 0.019242, 4.0964
0.018035, 0.018099, 4.1365
0.016951, 0.017014, 4.1767
0.015924, 0.015984, 4.2169
0.014949, 0.015008, 4.257
0.014026, 0.014083, 4.2972
0.013153, 0.013207, 4.3373
0.012326, 0.012378, 4.3775
0.011545, 0.011594, 4.4177
0.010807, 0.010854, 4.4578
0.01011, 0.010154, 4.498
0.0094526, 0.0094944, 4.5382
0.0088327, 0.008872, 4.5783
0.0082487, 0.0082854, 4.6185
0.0076988, 0.0077331, 4.6586
0.0071815, 0.0072132, 4.6988
0.006695, 0.0067243, 4.739
0.0062379, 0.0062647, 4.7791
0.0058086, 0.0058331, 4.8193
0.0054058, 0.005428, 4.8594
0.005028, 0.005048, 4.8996
0.004674, 0.0046918, 4.9398
0.0043424, 0.0043581, 4.9799
0.004032, 0.0040457, 5.0201
0.0037417, 0.0037535, 5.0602
0.0034704, 0.0034803, 5.1004
0.0032169, 0.0032251, 5.1406
0.0029802, 0.0029868, 5.1807
0.0027594, 0.0027645, 5.2209
0.0025535, 0.0025571, 5.261
0.0023617, 0.002364, 5.3012
0.0021831, 0.0021841, 5.3414
0.0020169, 0.0020167, 5.3815
0.0018623, 0.001861, 5.4217
0.0017186, 0.0017163, 5.4618
0.0015851, 0.0015819, 5.502
0.0014612, 0.0014571, 5.5422
0.0013463, 0.0013414, 5.5823
0.0012397, 0.0012342, 5.6225
0.0011409, 0.0011348, 5.6627
0.0010495, 0.0010428, 5.7028
0.00096482, 0.00095775, 5.743
0.00088654, 0.00087907, 5.7831
0.00081417, 0.00080637, 5.8233
0.00074732, 0.00073924, 5.8635
0.0006856, 0.0006773, 5.9036
0.00062864, 0.00062018, 5.9438
0.00057612, 0.00056753, 5.9839
0.00052771, 0.00051904, 6.0241
0.00048312, 0.00047442, 6.0643
0.00044207, 0.00043337, 6.1044
0.0004043, 0.00039563, 6.1446
0.00036957, 0.00036097, 6.1847
0.00033765, 0.00032915, 6.2249
0.00030834, 0.00029995, 6.2651
0.00028143, 0.00027318, 6.3052
0.00025674, 0.00024865, 6.3454
0.0002341, 0.00022619, 6.3855
0.00021335, 0.00020563, 6.4257
0.00019435, 0.00018683, 6.4659
0.00017695, 0.00016965, 6.506
0.00016103, 0.00015395, 6.5462
0.00014647, 0.00013963, 6.5863
0.00013317, 0.00012656, 6.6265
0.00012101, 0.00011465, 6.6667
0.00010992, 0.00010379, 6.7068
9.9791e-05, 9.391e-05, 6.747
9.0556e-05, 8.4918e-05, 6.7871
8.2138e-05, 7.6741e-05, 6.8273
7.4467e-05, 6.9309e-05, 6.8675
6.7482e-05, 6.256e-05, 6.9076
6.1125e-05, 5.6435e-05, 6.9478
5.5341e-05, 5.0879e-05, 6.988
5.0082e-05, 4.5842e-05, 7.0281
4.5302e-05, 4.128e-05, 7.0683
4.0961e-05, 3.7149e-05, 7.1084
3.7019e-05, 3.3412e-05, 7.1486
3.3442e-05, 3.0032e-05, 7.1888
3.0198e-05, 2.6979e-05, 7.2289
2.7256e-05, 2.4221e-05, 7.2691
2.4591e-05, 2.1732e-05, 7.3092
2.2176e-05, 1.9488e-05, 7.3494
1.9991e-05, 1.7464e-05, 7.3896
1.8013e-05, 1.5642e-05, 7.4297
1.6224e-05, 1.4001e-05, 7.4699
1.4607e-05, 1.2525e-05, 7.51
1.3145e-05, 1.1198e-05, 7.5502
1.1825e-05, 1.0005e-05, 7.5904
1.0633e-05, 8.9346e-06, 7.6305
9.5578e-06, 7.9736e-06, 7.6707
8.5876e-06, 7.1117e-06, 7.7108
7.7128e-06, 6.3391e-06, 7.751
6.9245e-06, 5.6472e-06, 7.7912
6.2143e-06, 5.0277e-06, 7.8313
5.5747e-06, 4.4736e-06, 7.8715
4.9991e-06, 3.9781e-06, 7.9116
4.4812e-06, 3.5354e-06, 7.9518
4.0154e-06, 3.1401e-06, 7.992
3.5967e-06, 2.7873e-06, 8.0321
3.2205e-06, 2.4727e-06, 8.0723
2.8825e-06, 2.1923e-06, 8.1124
2.5791e-06, 1.9425e-06, 8.1526
2.3067e-06, 1.7201e-06, 8.1928
2.0624e-06, 1.5223e-06, 8.2329
1.8433e-06, 1.3465e-06, 8.2731
1.6469e-06, 1.1902e-06, 8.3133
1.4708e-06, 1.0515e-06, 8.3534
1.3132e-06, 9.2833e-07, 8.3936
1.172e-06, 8.1912e-07, 8.4337
1.0456e-06, 7.2234e-07, 8.4739
9.3258e-07, 6.366e-07, 8.5141
8.3146e-07, 5.6071e-07, 8.5542
7.4105e-07, 4.9357e-07, 8.5944
6.6025e-07, 4.3421e-07, 8.6345
5.8805e-07, 3.8177e-07, 8.6747
5.2357e-07, 3.3545e-07, 8.7149
4.66e-07, 2.9458e-07, 8.755
4.1462e-07, 2.5853e-07, 8.7952
3.6878e-07, 2.2676e-07, 8.8353
3.2789e-07, 1.9878e-07, 8.8755
2.9142e-07, 1.7414e-07, 8.9157
2.5892e-07, 1.5247e-07, 8.9558
2.2995e-07, 1.3341e-07, 8.996
2.0415e-07, 1.1667e-07, 9.0361
1.8116e-07, 1.0197e-07, 9.0763
1.6068e-07, 8.9062e-08, 9.1165
1.4245e-07, 7.7745e-08, 9.1566
1.2622e-07, 6.7825e-08, 9.1968
1.1177e-07, 5.9136e-08, 9.2369
9.8902e-08, 5.1529e-08, 9.2771
8.7442e-08, 4.4874e-08, 9.3173
7.7233e-08, 3.9055e-08, 9.3574
6.8135e-08, 3.397e-08, 9.3976
6.002e-08, 2.953e-08, 9.4378
5.2776e-08, 2.5655e-08, 9.4779
4.63e-08, 2.2275e-08, 9.5181
4.0502e-08, 1.9329e-08, 9.5582
3.5298e-08, 1.6762e-08, 9.5984
3.0615e-08, 1.4527e-08, 9.6386
2.6384e-08, 1.2583e-08, 9.6787
2.2544e-08, 1.0893e-08, 9.7189
1.904e-08, 9.4239e-09, 9.759
1.582e-08, 8.1482e-09, 9.7992
1.2836e-08, 7.0409e-09, 9.8394
1.0045e-08, 6.0805e-09, 9.8795
7.4045e-09, 5.248e-09, 9.9197
4.8753e-09, 4.5267e-09, 9.9598
2.4195e-09, 3.9022e-09, 10
