0.80016, 0.84515
0.79951, 0.84418
0.79758, 0.84127
0.79434, 0.83644
0.78982, 0.82972
0.78401, 0.82116
0.7769, 0.81082
0.76852, 0.79877
0.75887, 0.78508
0.74795, 0.76986
0.7358, 0.75319
0.72242, 0.73518
0.70786, 0.71596
0.69215, 0.69563
0.67534, 0.67433
0.65748, 0.65217
0.63863, 0.62929
0.61887, 0.60582
0.59828, 0.58187
0.57694, 0.55759
0.55495, 0.53309
0.53242, 0.5085
0.50944, 0.48392
0.48614, 0.45947
0.46262, 0.43526
0.43899, 0.41137
0.41538, 0.38789
0.3919, 0.36492
0.36865, 0.34251
0.34574, 0.32074
0.32327, 0.29967
0.30133, 0.27933
0.28001, 0.25977
0.25938, 0.24103
0.23952, 0.22313
0.22046, 0.20608
0.20228, 0.18989
0.18499, 0.17458
0.16863, 0.16012
0.15321, 0.14653
0.13875, 0.13378
0.12523, 0.12187
0.11266, 0.11075
0.10101, 0.10042
0.090261, 0.090844
0.080386, 0.081991
0.071351, 0.07383
0.063117, 0.066329
0.055645, 0.059453
0.048892, 0.053167
0.042812, 0.047436
0.037361, 0.042225
0.032493, 0.037501
0.028163, 0.033228
0.024327, 0.029374
0.020942, 0.025908
0.017966, 0.022798
0.015361, 0.020015
0.013088, 0.017532
0.011114, 0.015321
0.0094048, 0.013358
0.0079315, 0.01162
0.0066661, 0.010085
0.0055835, 0.0087322
0.0046606, 0.0075436
0.0038771, 0.0065018
0.0032142, 0.005591
0.0026556, 0.0047968
0.0021865, 0.0041059
0.0017942, 0.0035064
0.0014672, 0.0029875
0.0011957, 0.0025396
0.00097116, 0.0021539
0.00078608, 0.0018225
0.0006341, 0.0015386
0.00050977, 0.0012959
0.00040842, 0.001089
0.0003261, 0.000913
0.00025949, 0.0007637
0.00020579, 0.00063734
0.00016264, 0.00053066
0.00012811, 0.00044082
0.00010056, 0.00036535
7.8672e-05, 0.0003021
6.1339e-05, 0.00024923
4.7662e-05, 0.00020514
3.691e-05, 0.00016846
2.8486e-05, 0.00013802
2.1911e-05, 0.00011282
1.6796e-05, 9.2005e-05
1.2832e-05, 7.4861e-05
9.7705e-06, 6.0771e-05
7.4143e-06, 4.9219e-05
5.6072e-06, 3.9771e-05
4.2264e-06, 3.2063e-05
3.1748e-06, 2.579e-05
2.3769e-06, 2.0696e-05
1.7735e-06, 1.657e-05
1.3188e-06, 1.3236e-05
9.7744e-07, 1.0548e-05
7.2198e-07, 8.3873e-06
5.315e-07, 6.6536e-06
3.8996e-07, 5.2661e-06
2.8516e-07, 4.1584e-06
2.0782e-07, 3.2761e-06
1.5095e-07, 2.575e-06
1.0927e-07, 2.0194e-06
7.884e-08, 1.58e-06
5.6692e-08, 1.2333e-06
4.063e-08, 9.6051e-07
2.9021e-08, 7.4633e-07
2.066e-08, 5.7857e-07
1.4658e-08, 4.4749e-07
1.0366e-08, 3.4531e-07
7.3056e-09, 2.6585e-07
5.1317e-09, 2.042e-07
3.5927e-09, 1.5649e-07
2.5069e-09, 1.1965e-07
1.7434e-09, 9.1269e-08
1.2084e-09, 6.9462e-08
8.3478e-10, 5.2743e-08
5.7477e-10, 3.9956e-08
3.9442e-10, 3.02e-08
2.6977e-10, 2.2773e-08
1.839e-10, 1.7133e-08
1.2494e-10, 1.2861e-08
8.4606e-11, 9.6311e-09
5.7102e-11, 7.196e-09
3.8411e-11, 5.3643e-09
2.5752e-11, 3.9896e-09
1.7208e-11, 2.9603e-09
1.1461e-11, 2.1916e-09
7.6078e-12, 1.6187e-09
5.0333e-12, 1.1928e-09
3.3191e-12, 8.7698e-10
2.1814e-12, 6.4328e-10
1.4289e-12, 4.7077e-10
9.3294e-13, 3.4373e-10
6.071e-13, 2.504e-10
3.9375e-13, 1.8199e-10
2.5454e-13, 1.3196e-10
1.64e-13, 9.5467e-11
1.0532e-13, 6.8906e-11
6.7409e-14, 4.9621e-11
4.3003e-14, 3.5651e-11
2.7343e-14, 2.5555e-11
1.7328e-14, 1.8276e-11
1.0946e-14, 1.304e-11
6.891e-15, 9.2829e-12
4.3241e-15, 6.593e-12
2.7044e-15, 4.6718e-12
1.6858e-15, 3.3028e-12
1.0474e-15, 2.3296e-12
6.4864e-16, 1.6394e-12
4.0036e-16, 1.151e-12
2.463e-16, 8.0627e-13
1.5103e-16, 5.6348e-13
9.2301e-17, 3.9289e-13
5.6225e-17, 2.7332e-13
3.4137e-17, 1.897e-13
2.0658e-17, 1.3136e-13
1.246e-17, 9.0751e-14
7.4908e-18, 6.2552e-14
4.4885e-18, 4.3017e-14
2.6807e-18, 2.9514e-14
1.5958e-18, 2.0203e-14
9.4681e-19, 1.3798e-14
5.5992e-19, 9.4015e-15
3.3004e-19, 6.3913e-15
1.939e-19, 4.3349e-15
1.1354e-19, 2.9334e-15
6.6268e-20, 1.9804e-15
3.8551e-20, 1.3339e-15
2.2353e-20, 8.9644e-16
1.2919e-20, 6.0105e-16
7.4416e-21, 4.0206e-16
4.2726e-21, 2.6833e-16
2.4451e-21, 1.7867e-16
1.3947e-21, 1.187e-16
7.929e-22, 7.8673e-17
4.4931e-22, 5.2024e-17
2.5378e-22, 3.4323e-17
1.4287e-22, 2.2593e-17
8.0165e-23, 1.4837e-17
4.4835e-23, 9.7213e-18
2.4993e-23, 6.3548e-18
1.3887e-23, 4.1446e-18
7.6909e-24, 2.6968e-18
4.2454e-24, 1.7508e-18
2.3358e-24, 1.134e-18
1.2809e-24, 7.3279e-19
7.0017e-25, 4.7245e-19
3.8147e-25, 3.039e-19
2.0715e-25, 1.9503e-19
1.1212e-25, 1.2487e-19
6.0491e-26, 7.977e-20
3.2528e-26, 5.0841e-20
1.7434e-26, 3.2328e-20
9.3139e-27, 2.0509e-20
4.9595e-27, 1.2981e-20
2.6322e-27, 8.1976e-21
1.3925e-27, 5.1648e-21
7.3424e-28, 3.2465e-21
3.8589e-28, 2.036e-21
2.0215e-28, 1.274e-21
1.0555e-28, 7.9528e-22
5.4932e-29, 4.9531e-22
2.8496e-29, 3.0778e-22
1.4734e-29, 1.9081e-22
7.5931e-30, 1.1802e-22
3.9005e-30, 7.2833e-23
1.9971e-30, 4.4843e-23
1.0192e-30, 2.7546e-23
5.1843e-31, 1.6881e-23
2.6285e-31, 1.0322e-23
1.3284e-31, 6.2969e-24
6.6912e-32, 3.8325e-24
3.3595e-32, 2.3272e-24
1.6812e-32, 1.4099e-24
8.3861e-33, 8.5222e-25
4.1694e-33, 5.1393e-25
2.0662e-33, 3.0921e-25
1.0206e-33, 1.8562e-25
5.0249e-34, 1.1116e-25
2.4659e-34, 6.6423e-26
1.2062e-34, 3.9598e-26
5.8808e-35, 2.3552e-26
2.8579e-35, 1.3976e-26
1.3843e-35, 8.2741e-27
6.6834e-36, 4.8873e-27
3.2163e-36, 2.8802e-27
1.5427e-36, 1.6934e-27
7.376e-37, 9.9337e-28
3.515e-37, 5.8137e-28
1.6696e-37, 3.3947e-28
7.9051e-38, 1.9776e-28
3.7305e-38, 1.1494e-28
1.7548e-38, 6.6655e-29
8.2273e-39, 3.8563e-29
3.8448e-39, 2.226e-29
1.7909e-39, 1.2819e-29
8.3152e-40, 7.3655e-30
3.8481e-40, 4.2222e-30
1.7751e-40, 2.4148e-30
8.1614e-41, 1.3779e-30
3.7403e-41, 7.8443e-31
1.7085e-41, 4.4555e-31
7.7791e-42, 2.5248e-31
3.5304e-42, 1.4275e-31
0.72, 0.74536
0.71936, 0.74469
0.71743, 0.74269
0.71424, 0.73937
0.70982, 0.73475
0.70421, 0.72884
0.69746, 0.7217
0.68962, 0.71334
0.68077, 0.70381
0.67097, 0.69317
0.66029, 0.68147
0.64882, 0.66877
0.63662, 0.65513
0.62377, 0.64062
0.61035, 0.6253
0.59641, 0.60926
0.58202, 0.59257
0.56723, 0.57531
0.5521, 0.55755
0.53667, 0.53936
0.52099, 0.52084
0.50508, 0.50205
0.48898, 0.48308
0.47271, 0.46399
0.4563, 0.44485
0.43978, 0.42574
0.42317, 0.40672
0.40649, 0.38786
0.38976, 0.36921
0.37302, 0.35083
0.35628, 0.33276
0.3396, 0.31506
0.32298, 0.29777
0.30649, 0.28092
0.29014, 0.26455
0.27399, 0.24869
0.25808, 0.23336
0.24245, 0.21859
0.22714, 0.20438
0.2122, 0.19075
0.19767, 0.17772
0.18359, 0.16528
0.16999, 0.15343
0.15691, 0.14218
0.14439, 0.13152
0.13243, 0.12143
0.12107, 0.11193
0.11032, 0.10298
0.10019, 0.094574
0.090677, 0.086701
0.081788, 0.079341
0.073516, 0.072476
0.06585, 0.066086
0.058777, 0.060152
0.052279, 0.054653
0.046334, 0.049567
0.040919, 0.044875
0.036007, 0.040553
0.031571, 0.036583
0.027581, 0.032942
0.024009, 0.02961
0.020823, 0.026567
0.017995, 0.023795
0.015494, 0.021274
0.013292, 0.018985
0.011362, 0.016913
0.0096764, 0.01504
0.0082108, 0.01335
0.0069418, 0.011829
0.0058475, 0.010463
0.0049078, 0.0092373
0.004104, 0.008141
0.0034194, 0.0071619
0.0028386, 0.0062893
0.0023478, 0.0055131
0.0019349, 0.0048241
0.0015887, 0.0042136
0.0012998, 0.0036738
0.0010595, 0.0031974
0.00086057, 0.0027778
0.00069642, 0.0024089
0.00056155, 0.0020853
0.00045116, 0.001802
0.00036117, 0.0015543
0.00028808, 0.0013383
0.00022896, 0.0011502
0.00018131, 0.00098682
0.00014307, 0.00084511
0.00011248, 0.00072246
8.8122e-05, 0.0006165
6.8789e-05, 0.00052514
5.3506e-05, 0.00044652
4.147e-05, 0.00037899
3.2027e-05, 0.0003211
2.4646e-05, 0.00027156
1.8899e-05, 0.00022925
1.444e-05, 0.00019319
1.0994e-05, 0.00016251
8.3412e-06, 0.00013646
6.3059e-06, 0.00011438
4.7504e-06, 9.5697e-05
3.566e-06, 7.9925e-05
2.6674e-06, 6.6632e-05
1.9883e-06, 5.5451e-05
1.4768e-06, 4.6063e-05
1.0931e-06, 3.8197e-05
8.0623e-07, 3.1617e-05
5.9256e-07, 2.6123e-05
4.34e-07, 2.1546e-05
3.1675e-07, 1.7738e-05
2.3038e-07, 1.4578e-05
1.6697e-07, 1.1959e-05
1.2059e-07, 9.7929e-06
8.6794e-08, 8.0048e-06
6.2251e-08, 6.5315e-06
4.4493e-08, 5.3199e-06
3.169e-08, 4.3252e-06
2.2493e-08, 3.5102e-06
1.591e-08, 2.8437e-06
1.1215e-08, 2.2996e-06
7.8777e-09, 1.8563e-06
5.5146e-09, 1.4958e-06
3.847e-09, 1.2031e-06
2.6744e-09, 9.6598e-07
1.8529e-09, 7.7419e-07
1.2793e-09, 6.1937e-07
8.8019e-10, 4.9462e-07
6.0354e-10, 3.9429e-07
4.1242e-10, 3.1375e-07
2.8085e-10, 2.4922e-07
1.906e-10, 1.976e-07
1.2891e-10, 1.5639e-07
8.6888e-11, 1.2356e-07
5.8364e-11, 9.7443e-08
3.907e-11, 7.671e-08
2.6065e-11, 6.0279e-08
1.733e-11, 4.7284e-08
1.1482e-11, 3.7023e-08
7.5823e-12, 2.8937e-08
4.9898e-12, 2.2577e-08
3.2726e-12, 1.7583e-08
2.139e-12, 1.3669e-08
1.3934e-12, 1.0608e-08
9.0457e-13, 8.2169e-09
5.8524e-13, 6.3536e-09
3.7736e-13, 4.9041e-09
2.425e-13, 3.7785e-09
1.553e-13, 2.906e-09
9.9125e-14, 2.231e-09
6.3054e-14, 1.7097e-09
3.9974e-14, 1.3079e-09
2.5256e-14, 9.987e-10
1.5903e-14, 7.6124e-10
9.9803e-15, 5.7921e-10
6.2421e-15, 4.3991e-10
3.8909e-15, 3.3352e-10
2.4172e-15, 2.524e-10
1.4966e-15, 1.9067e-10
9.2348e-16, 1.4378e-10
5.6792e-16, 1.0823e-10
3.4809e-16, 8.1323e-11
2.1263e-16, 6.0995e-11
1.2945e-16, 4.5667e-11
7.8546e-17, 3.413e-11
4.7499e-17, 2.5461e-11
2.8627e-17, 1.8961e-11
1.7196e-17, 1.4094e-11
1.0294e-17, 1.0458e-11
6.1422e-18, 7.7463e-12
3.6525e-18, 5.7273e-12
2.1647e-18, 4.227e-12
1.2787e-18, 3.1141e-12
7.5278e-19, 2.2901e-12
4.4169e-19, 1.6811e-12
2.5829e-19, 1.2319e-12
1.5054e-19, 9.0106e-13
8.7446e-20, 6.579e-13
5.0626e-20, 4.7951e-13
2.9212e-20, 3.4886e-13
1.6799e-20, 2.5335e-13
9.629e-21, 1.8366e-13
5.5007e-21, 1.329e-13
3.1318e-21, 9.6001e-14
1.7772e-21, 6.9221e-14
1.0051e-21, 4.9822e-14
5.6659e-22, 3.5795e-14
3.1832e-22, 2.5672e-14
1.7824e-22, 1.8378e-14
9.9473e-23, 1.3133e-14
5.533e-23, 9.3683e-15
3.0674e-23, 6.6708e-15
1.6949e-23, 4.7414e-15
9.3337e-24, 3.3641e-15
5.1231e-24, 2.3826e-15
2.8026e-24, 1.6844e-15
1.5281e-24, 1.1887e-15
8.3042e-25, 8.3736e-16
4.4978e-25, 5.8881e-16
2.4281e-25, 4.133e-16
1.3064e-25, 2.8958e-16
7.006e-26, 2.0254e-16
3.7446e-26, 1.414e-16
1.9948e-26, 9.8544e-17
1.0592e-26, 6.8553e-17
5.6051e-27, 4.7604e-17
2.9564e-27, 3.2998e-17
1.5542e-27, 2.2832e-17
8.1434e-28, 1.577e-17
4.2527e-28, 1.0873e-17
2.2136e-28, 7.4827e-18
1.1484e-28, 5.1405e-18
5.938e-29, 3.5251e-18
3.0602e-29, 2.413e-18
1.5719e-29, 1.6488e-18
8.0478e-30, 1.1246e-18
4.1066e-30, 7.6572e-19
2.0886e-30, 5.2041e-19
1.0587e-30, 3.5306e-19
5.3492e-31, 2.3909e-19
2.6938e-31, 1.6163e-19
1.352e-31, 1.0906e-19
6.7638e-32, 7.3462e-20
3.3725e-32, 4.9393e-20
1.6761e-32, 3.3151e-20
8.3021e-33, 2.221e-20
4.0988e-33, 1.4853e-20
2.0169e-33, 9.9156e-21
9.8921e-34, 6.6075e-21
4.8357e-34, 4.3951e-21
2.3561e-34, 2.9183e-21
1.1442e-34, 1.9343e-21
5.5384e-35, 1.2797e-21
2.6719e-35, 8.4517e-22
1.2848e-35, 5.5717e-22
6.1578e-36, 3.6666e-22
2.9416e-36, 2.4085e-22
1.4006e-36, 1.5793e-22
6.6466e-37, 1.0337e-22
3.1439e-37, 6.7538e-23
1.4822e-37, 4.4048e-23
6.9648e-38, 2.8677e-23
3.262e-38, 1.8636e-23
1.5228e-38, 1.2089e-23
7.0853e-39, 7.828e-24
3.2859e-39, 5.0599e-24
1.5189e-39, 3.2647e-24
6.9978e-40, 2.1027e-24
3.2135e-40, 1.3518e-24
4.8066e-41, 8.6756e-25
0.64019, 0.6742
0.63993, 0.67371
0.63914, 0.67223
0.63781, 0.66977
0.63592, 0.66634
0.63343, 0.66196
0.63031, 0.65664
0.62653, 0.65041
0.62203, 0.6433
0.6168, 0.63533
0.61078, 0.62654
0.60396, 0.61697
0.59632, 0.60665
0.58785, 0.59564
0.57855, 0.58396
0.56844, 0.57168
0.55755, 0.55883
0.54592, 0.54547
0.53359, 0.53165
0.52064, 0.51743
0.50713, 0.50284
0.49315, 0.48795
0.47876, 0.47281
0.46406, 0.45747
0.44914, 0.44197
0.43406, 0.42638
0.41892, 0.41073
0.40377, 0.39508
0.38869, 0.37946
0.37374, 0.36393
0.35895, 0.34853
0.34438, 0.33328
0.33005, 0.31824
0.31598, 0.30343
0.30219, 0.28889
0.28869, 0.27464
0.27548, 0.26071
0.26256, 0.24712
0.24993, 0.2339
0.23759, 0.22106
0.22552, 0.20862
0.21372, 0.19659
0.2022, 0.18499
0.19094, 0.17381
0.17995, 0.16307
0.16924, 0.15277
0.1588, 0.14291
0.14865, 0.13349
0.13879, 0.12451
0.12924, 0.11597
0.12002, 0.10785
0.11113, 0.10015
0.10258, 0.092866
0.094403, 0.085985
0.086594, 0.079498
0.07917, 0.073392
0.072137, 0.067657
0.065502, 0.062278
0.059268, 0.057242
0.053435, 0.052537
0.048001, 0.048148
0.042961, 0.044061
0.038308, 0.040261
0.03403, 0.036736
0.030115, 0.03347
0.026549, 0.030449
0.023315, 0.027661
0.020397, 0.025091
0.017774, 0.022727
0.015428, 0.020555
0.01334, 0.018564
0.01149, 0.016741
0.009857, 0.015074
0.0084232, 0.013554
0.0071698, 0.012169
0.0060789, 0.01091
0.0051339, 0.0097668
0.0043187, 0.0087305
0.0036188, 0.0077927
0.0030204, 0.0069455
0.0025111, 0.0061812
0.0020796, 0.0054931
0.0017155, 0.0048744
0.0014096, 0.004319
0.0011538, 0.0038213
0.00094073, 0.003376
0.00076404, 0.0029782
0.00061814, 0.0026235
0.00049818, 0.0023076
0.00039995, 0.0020268
0.00031986, 0.0017775
0.00025482, 0.0015566
0.00020224, 0.0013612
0.00015989, 0.0011885
0.00012593, 0.0010363
9.8805e-05, 0.00090219
7.723e-05, 0.0007843
6.0137e-05, 0.00068082
4.6651e-05, 0.00059013
3.6053e-05, 0.00051077
2.7758e-05, 0.00044143
2.1291e-05, 0.00038095
1.627e-05, 0.00032827
1.2386e-05, 0.00028246
9.3948e-06, 0.00024269
7.0992e-06, 0.00020821
5.3447e-06, 0.00017837
4.0089e-06, 0.00015259
2.9958e-06, 0.00013033
2.2305e-06, 0.00011116
1.6546e-06, 9.4676e-05
1.2229e-06, 8.0514e-05
9.0047e-07, 6.8371e-05
6.6065e-07, 5.7974e-05
4.8293e-07, 4.9086e-05
3.5173e-07, 4.15e-05
2.5524e-07, 3.5035e-05
1.8455e-07, 2.9533e-05
1.3295e-07, 2.4859e-05
9.5435e-08, 2.0894e-05
6.8256e-08, 1.7536e-05
4.8642e-08, 1.4696e-05
3.4539e-08, 1.2298e-05
2.4436e-08, 1.0276e-05
1.7227e-08, 8.574e-06
1.2101e-08, 7.1434e-06
8.4696e-09, 5.9428e-06
5.9069e-09, 4.9367e-06
4.1049e-09, 4.0949e-06
2.8424e-09, 3.3917e-06
1.9612e-09, 2.8051e-06
1.3484e-09, 2.3166e-06
9.2379e-10, 1.9104e-06
6.3064e-10, 1.573e-06
4.2899e-10, 1.2934e-06
2.9078e-10, 1.0619e-06
1.9641e-10, 8.7056e-07
1.3219e-10, 7.1265e-07
8.8661e-11, 5.8253e-07
5.9254e-11, 4.7547e-07
3.9462e-11, 3.8752e-07
2.6188e-11, 3.1537e-07
1.7319e-11, 2.5628e-07
1.1413e-11, 2.0796e-07
7.4947e-12, 1.685e-07
4.9044e-12, 1.3633e-07
3.1982e-12, 1.1014e-07
2.0783e-12, 8.8847e-08
1.3458e-12, 7.1568e-08
8.6846e-13, 5.7565e-08
5.5848e-13, 4.6233e-08
3.5789e-13, 3.7078e-08
2.2855e-13, 2.9692e-08
1.4544e-13, 2.3743e-08
9.2238e-14, 1.8958e-08
5.8293e-14, 1.5115e-08
3.6713e-14, 1.2033e-08
2.3042e-14, 9.566e-09
1.4412e-14, 7.5934e-09
8.9827e-15, 6.0187e-09
5.5796e-15, 4.7636e-09
3.4538e-15, 3.7647e-09
2.1306e-15, 2.9709e-09
1.3098e-15, 2.3411e-09
8.0242e-16, 1.8421e-09
4.8991e-16, 1.4473e-09
2.9808e-16, 1.1354e-09
1.8074e-16, 8.8948e-10
1.0922e-16, 6.9579e-10
6.5772e-17, 5.4347e-10
3.9473e-17, 4.2388e-10
2.3608e-17, 3.3012e-10
1.4072e-17, 2.5672e-10
8.3588e-18, 1.9935e-10
4.9483e-18, 1.5457e-10
2.9194e-18, 1.1968e-10
1.7165e-18, 9.2525e-11
1.0058e-18, 7.1428e-11
5.8733e-19, 5.506e-11
3.4181e-19, 4.2381e-11
1.9825e-19, 3.2574e-11
1.1459e-19, 2.4999e-11
6.6011e-20, 1.9158e-11
3.7897e-20, 1.466e-11
2.1683e-20, 1.1202e-11
1.2364e-20, 8.5468e-12
7.0264e-21, 6.5115e-12
3.9795e-21, 4.9536e-12
2.2462e-21, 3.7629e-12
1.2636e-21, 2.8542e-12
7.0839e-22, 2.1618e-12
3.958e-22, 1.635e-12
2.204e-22, 1.2347e-12
1.2232e-22, 9.3107e-13
6.7653e-23, 7.0108e-13
3.7292e-23, 5.2712e-13
2.0487e-23, 3.9575e-13
1.1217e-23, 2.9668e-13
6.121e-24, 2.2209e-13
3.3288e-24, 1.6601e-13
1.8043e-24, 1.239e-13
9.7463e-25, 9.2344e-14
5.2471e-25, 6.8722e-14
2.8154e-25, 5.1068e-14
1.5055e-25, 3.7893e-14
8.024e-26, 2.8076e-14
4.2621e-26, 2.0772e-14
2.2563e-26, 1.5346e-14
1.1905e-26, 1.132e-14
6.26e-27, 8.3384e-15
3.2808e-27, 6.133e-15
1.7136e-27, 4.5044e-15
8.9207e-28, 3.3033e-15
4.6284e-28, 2.419e-15
2.3933e-28, 1.7688e-15
1.2334e-28, 1.2915e-15
6.3355e-29, 9.416e-16
3.2433e-29, 6.8549e-16
1.6548e-29, 4.9831e-16
8.4148e-30, 3.6171e-16
4.2648e-30, 2.6217e-16
2.1542e-30, 1.8975e-16
1.0845e-30, 1.3713e-16
5.4416e-31, 9.8956e-17
2.7213e-31, 7.1305e-17
1.3563e-31, 5.1306e-17
6.7376e-32, 3.6861e-17
3.3358e-32, 2.6445e-17
1.646e-32, 1.8944e-17
8.0953e-33, 1.3551e-17
3.9681e-33, 9.6788e-18
1.9385e-33, 6.9031e-18
9.439e-34, 4.9162e-18
4.5807e-34, 3.496e-18
2.2156e-34, 2.4825e-18
1.0681e-34, 1.7602e-18
5.1317e-35, 1.2462e-18
2.4575e-35, 8.8104e-19
1.1729e-35, 6.2196e-19
5.5794e-36, 4.3842e-19
2.6453e-36, 3.0859e-19
1.25e-36, 2.1688e-19
5.8873e-37, 1.5221e-19
2.7636e-37, 1.0667e-19
1.293e-37, 7.4639e-20
6.0292e-38, 5.2152e-20
2.8021e-38, 3.6387e-20
6.8409e-39, 2.535e-20
1.4012e-38, 1.7635e-20
0.6078, 0.62017
0.60724, 0.61979
0.60557, 0.61864
0.60283, 0.61672
0.59908, 0.61405
0.59441, 0.61063
0.58891, 0.60648
0.5827, 0.60161
0.57588, 0.59603
0.56858, 0.58978
0.56091, 0.58287
0.55296, 0.57533
0.54483, 0.56718
0.53658, 0.55845
0.52827, 0.54917
0.51993, 0.53938
0.51156, 0.52911
0.50316, 0.51839
0.4947, 0.50725
0.48614, 0.49574
0.47742, 0.48389
0.46851, 0.47174
0.45932, 0.45932
0.44983, 0.44668
0.43996, 0.43384
0.4297, 0.42086
0.41901, 0.40775
0.40788, 0.39456
0.39632, 0.38133
0.38435, 0.36808
0.37201, 0.35485
0.35934, 0.34167
0.34641, 0.32858
0.33329, 0.31559
0.32005, 0.30274
0.30678, 0.29006
0.29354, 0.27756
0.28043, 0.26527
0.2675, 0.25321
0.25483, 0.2414
0.24247, 0.22986
0.23045, 0.21859
0.21883, 0.20762
0.20762, 0.19696
0.19683, 0.18661
0.18647, 0.17659
0.17654, 0.1669
0.16702, 0.15754
0.1579, 0.14852
0.14916, 0.13985
0.14078, 0.13152
0.13273, 0.12353
0.12499, 0.11589
0.11755, 0.10858
0.11038, 0.10161
0.10346, 0.094962
0.096793, 0.088643
0.090359, 0.082642
0.084154, 0.076952
0.078176, 0.071565
0.072424, 0.066472
0.0669, 0.061665
0.061607, 0.057135
0.05655, 0.052872
0.051733, 0.048867
0.04716, 0.045109
0.042837, 0.041588
0.038765, 0.038294
0.034947, 0.035218
0.031382, 0.032349
0.02807, 0.029676
0.025007, 0.027191
0.022187, 0.024883
0.019604, 0.022742
0.017251, 0.02076
0.015116, 0.018927
0.01319, 0.017235
0.011461, 0.015674
0.0099166, 0.014237
0.0085439, 0.012916
0.0073299, 0.011703
0.0062618, 0.010591
0.0053265, 0.0095721
0.0045117, 0.0086408
0.0038054, 0.0077905
0.003196, 0.0070151
0.0026729, 0.006309
0.0022259, 0.005667
0.0018459, 0.005084
0.0015244, 0.0045554
0.0012535, 0.0040766
0.0010265, 0.0036436
0.00083712, 0.0032526
0.00067983, 0.0029
0.00054981, 0.0025823
0.00044282, 0.0022967
0.00035519, 0.00204
0.00028373, 0.0018099
0.00022572, 0.0016036
0.00017884, 0.0014192
0.00014112, 0.0012544
0.00011091, 0.0011073
8.6813e-05, 0.00097629
6.7679e-05, 0.00085971
5.2551e-05, 0.00075611
4.0642e-05, 0.00066417
3.1307e-05, 0.00058268
2.402e-05, 0.00051056
1.8356e-05, 0.00044681
1.3973e-05, 0.00039054
1.0595e-05, 0.00034093
8.0016e-06, 0.00029725
6.0196e-06, 0.00025885
4.511e-06, 0.00022513
3.3673e-06, 0.00019556
2.5039e-06, 0.00016966
1.8546e-06, 0.00014701
1.3685e-06, 0.00012722
1.0059e-06, 0.00010997
7.3651e-07, 9.4932e-05
5.3723e-07, 8.1851e-05
3.9037e-07, 7.0485e-05
2.8259e-07, 6.0622e-05
2.0379e-07, 5.2074e-05
1.464e-07, 4.4676e-05
1.0478e-07, 3.8282e-05
7.4713e-08, 3.2762e-05
5.3072e-08, 2.8004e-05
3.7559e-08, 2.3906e-05
2.6481e-08, 2.0383e-05
1.86e-08, 1.7358e-05
1.3017e-08, 1.4763e-05
9.0754e-09, 1.2541e-05
6.304e-09, 1.064e-05
4.3627e-09, 9.0158e-06
3.0081e-09, 7.6301e-06
2.0665e-09, 6.4494e-06
1.4144e-09, 5.4447e-06
9.6453e-10, 4.5908e-06
6.5534e-10, 3.866e-06
4.4364e-10, 3.2516e-06
2.9923e-10, 2.7314e-06
2.0109e-10, 2.2916e-06
1.3465e-10, 1.9203e-06
8.983e-11, 1.6071e-06
5.9714e-11, 1.3433e-06
3.955e-11, 1.1215e-06
2.6101e-11, 9.3509e-07
1.7163e-11, 7.7871e-07
1.1245e-11, 6.4768e-07
7.3413e-12, 5.3803e-07
4.7755e-12, 4.4639e-07
3.0953e-12, 3.699e-07
1.9991e-12, 3.0614e-07
1.2865e-12, 2.5305e-07
8.2493e-13, 2.0891e-07
5.2709e-13, 1.7226e-07
3.3558e-13, 1.4186e-07
2.129e-13, 1.1668e-07
1.3458e-13, 9.5848e-08
8.4777e-14, 7.8639e-08
5.3213e-14, 6.4441e-08
3.3283e-14, 5.274e-08
2.0743e-14, 4.311e-08
1.2883e-14, 3.5195e-08
7.9726e-15, 2.8698e-08
4.9165e-15, 2.3371e-08
3.0212e-15, 1.9009e-08
1.8501e-15, 1.5442e-08
1.1289e-15, 1.2529e-08
6.8644e-16, 1.0153e-08
4.1593e-16, 8.2172e-09
2.5114e-16, 6.6422e-09
1.5111e-16, 5.3625e-09
9.0605e-17, 4.324e-09
5.4137e-17, 3.4822e-09
3.2234e-17, 2.8009e-09
1.9126e-17, 2.2501e-09
1.1309e-17, 1.8053e-09
6.6632e-18, 1.4467e-09
3.9125e-18, 1.1579e-09
2.2893e-18, 9.2555e-10
1.3349e-18, 7.3893e-10
7.757e-19, 5.8921e-10
4.4918e-19, 4.6924e-10
2.5921e-19, 3.7324e-10
1.4906e-19, 2.9651e-10
8.5426e-20, 2.3526e-10
4.8788e-20, 1.8643e-10
2.7767e-20, 1.4755e-10
1.5749e-20, 1.1664e-10
8.9015e-21, 9.2087e-11
5.014e-21, 7.2613e-11
2.8145e-21, 5.7187e-11
1.5745e-21, 4.4981e-11
8.7775e-22, 3.5337e-11
4.8766e-22, 2.7726e-11
2.7e-22, 2.1728e-11
1.4898e-22, 1.7006e-11
8.192e-23, 1.3294e-11
4.4892e-23, 1.0379e-11
2.4517e-23, 8.0931e-12
1.3343e-23, 6.303e-12
7.2373e-24, 4.9027e-12
3.9121e-24, 3.8088e-12
2.1074e-24, 2.9553e-12
1.1314e-24, 2.2902e-12
6.0534e-25, 1.7726e-12
3.2277e-25, 1.3702e-12
1.7152e-25, 1.0579e-12
9.0833e-26, 8.1578e-13
4.794e-26, 6.2828e-13
2.5216e-26, 4.8327e-13
1.3218e-26, 3.7127e-13
6.9055e-27, 2.8487e-13
3.5953e-27, 2.1831e-13
1.8656e-27, 1.6709e-13
9.6472e-28, 1.2773e-13
4.9719e-28, 9.7525e-14
2.5537e-28, 7.4368e-14
1.3072e-28, 5.6639e-14
6.6686e-29, 4.3083e-14
3.3905e-29, 3.2731e-14
1.718e-29, 2.4835e-14
8.6758e-30, 1.8821e-14
4.3665e-30, 1.4245e-14
2.1902e-30, 1.0769e-14
1.0949e-30, 8.1308e-15
5.4547e-31, 6.1313e-15
2.7084e-31, 4.6178e-15
1.3403e-31, 3.4735e-15
6.6101e-32, 2.6096e-15
3.2491e-32, 1.9581e-15
1.5916e-32, 1.4674e-15
7.7707e-33, 1.0984e-15
3.7811e-33, 8.211e-16
1.8336e-33, 6.1306e-16
8.8623e-34, 4.5717e-16
4.2689e-34, 3.4049e-16
2.0494e-34, 2.5328e-16
9.8055e-35, 1.8817e-16
4.6758e-35, 1.3962e-16
2.2222e-35, 1.0348e-16
1.0526e-35, 7.6591e-17
4.969e-36, 5.662e-17
2.3379e-36, 4.1805e-17
7.1563e-37, 3.0828e-17
1.7646e-36, 2.2706e-17
-1.2993e-36, 1.6702e-17
0.5383, 0.57735
0.53852, 0.57704
0.53926, 0.57611
0.54035, 0.57456
0.5417, 0.57241
0.54316, 0.56964
0.54444, 0.56628
0.54543, 0.56234
0.54582, 0.55782
0.54541, 0.55275
0.54404, 0.54713
0.54151, 0.54099
0.53773, 0.53434
0.53264, 0.52721
0.52617, 0.51961
0.51843, 0.51157
0.50948, 0.50311
0.49941, 0.49427
0.4885, 0.48505
0.47681, 0.4755
0.46466, 0.46563
0.45219, 0.45548
0.43966, 0.44507
0.4272, 0.43443
0.41505, 0.42359
0.40323, 0.41258
0.39194, 0.40142
0.38115, 0.39015
0.37091, 0.37878
0.3612, 0.36735
0.35193, 0.35588
0.34307, 0.3444
0.33448, 0.33293
0.32608, 0.32149
0.31774, 0.31012
0.30938, 0.29882
0.30087, 0.28763
0.29217, 0.27656
0.28319, 0.26563
0.27393, 0.25486
0.26434, 0.24426
0.25447, 0.23385
0.24432, 0.22365
0.23396, 0.21366
0.22344, 0.2039
0.21285, 0.19437
0.20226, 0.18509
0.19176, 0.17606
0.18142, 0.1673
0.17132, 0.15879
0.16153, 0.15056
0.15209, 0.14261
0.14306, 0.13492
0.13447, 0.12752
0.12632, 0.12039
0.11863, 0.11354
0.11139, 0.10696
0.10459, 0.10066
0.098199, 0.094621
0.092198, 0.088852
0.086554, 0.083346
0.081235, 0.078096
0.076208, 0.073099
0.071443, 0.068348
0.06691, 0.063837
0.062587, 0.05956
0.05845, 0.055509
0.054484, 0.051679
0.050676, 0.048061
0.047016, 0.044648
0.043499, 0.041433
0.040122, 0.038408
0.036887, 0.035566
0.033794, 0.032899
0.030845, 0.030399
0.028045, 0.028059
0.025397, 0.025871
0.022904, 0.023828
0.020567, 0.021923
0.018389, 0.020148
0.016368, 0.018498
0.014504, 0.016964
0.012794, 0.015541
0.011234, 0.014221
0.009819, 0.013
0.0085423, 0.011871
0.0073971, 0.010828
0.0063757, 0.0098666
0.0054697, 0.0089807
0.0046706, 0.0081655
0.0039698, 0.0074163
0.0033584, 0.0067286
0.0028281, 0.0060981
0.0023705, 0.0055208
0.0019779, 0.0049928
0.0016427, 0.0045104
0.0013581, 0.0040702
0.0011177, 0.003669
0.00091573, 0.0033039
0.00074687, 0.0029718
0.00060642, 0.0026703
0.00049019, 0.0023968
0.00039448, 0.002149
0.00031606, 0.0019247
0.00025211, 0.001722
0.00020023, 0.001539
0.00015833, 0.0013739
0.00012466, 0.0012253
9.7724e-05, 0.0010915
7.6281e-05, 0.00097134
5.929e-05, 0.00086345
4.5888e-05, 0.00076672
3.5365e-05, 0.00068009
2.7141e-05, 0.0006026
2.0742e-05, 0.00053337
1.5786e-05, 0.00047159
1.1964e-05, 0.00041651
9.0299e-06, 0.00036747
6.7874e-06, 0.00032386
5.0809e-06, 0.00028511
3.7879e-06, 0.00025073
2.8125e-06, 0.00022026
2.0798e-06, 0.00019329
1.5318e-06, 0.00016943
1.1236e-06, 0.00014836
8.2091e-07, 0.00012978
5.9737e-07, 0.00011339
4.3297e-07, 9.8972e-05
3.1257e-07, 8.6293e-05
2.2476e-07, 7.5157e-05
1.6098e-07, 6.5387e-05
1.1485e-07, 5.6827e-05
8.1615e-08, 4.9334e-05
5.7772e-08, 4.2783e-05
4.0736e-08, 3.7062e-05
2.8612e-08, 3.2072e-05
2.0019e-08, 2.7723e-05
1.3952e-08, 2.3939e-05
9.6869e-09, 2.0649e-05
6.6997e-09, 1.7792e-05
4.616e-09, 1.5314e-05
3.1682e-09, 1.3166e-05
2.1662e-09, 1.1308e-05
1.4755e-09, 9.7016e-06
1.0012e-09, 8.3145e-06
6.7683e-10, 7.118e-06
4.5581e-10, 6.0871e-06
3.0582e-10, 5.2e-06
2.0441e-10, 4.4373e-06
1.3612e-10, 3.7825e-06
9.0303e-11, 3.2208e-06
5.9685e-11, 2.7396e-06
3.9302e-11, 2.3277e-06
2.5784e-11, 1.9757e-06
1.6852e-11, 1.6751e-06
1.0974e-11, 1.4187e-06
7.12e-12, 1.2003e-06
4.6024e-12, 1.0144e-06
2.9641e-12, 8.5634e-07
1.9019e-12, 7.2216e-07
1.2159e-12, 6.0834e-07
7.745e-13, 5.1192e-07
4.9154e-13, 4.3031e-07
3.1081e-13, 3.6133e-07
1.9582e-13, 3.0307e-07
1.2293e-13, 2.5394e-07
7.6886e-14, 2.1254e-07
4.7915e-14, 1.777e-07
2.9753e-14, 1.4841e-07
1.8408e-14, 1.2382e-07
1.1348e-14, 1.0319e-07
6.9705e-15, 8.5905e-08
4.2662e-15, 7.1439e-08
2.6017e-15, 5.9344e-08
1.581e-15, 4.9245e-08
9.5723e-16, 4.082e-08
5.7751e-16, 3.38e-08
3.4718e-16, 2.7957e-08
2.0796e-16, 2.31e-08
1.2413e-16, 1.9066e-08
7.3826e-17, 1.5719e-08
4.3752e-17, 1.2946e-08
2.5837e-17, 1.0651e-08
1.5204e-17, 8.7531e-09
8.9147e-18, 7.1858e-09
5.2087e-18, 5.8927e-09
3.0326e-18, 4.8272e-09
1.7594e-18, 3.95e-09
1.0171e-18, 3.2288e-09
5.8594e-19, 2.6364e-09
3.3636e-19, 2.1504e-09
1.924e-19, 1.7521e-09
1.0967e-19, 1.4261e-09
6.2297e-20, 1.1594e-09
3.5262e-20, 9.4165e-10
1.9889e-20, 7.6395e-10
1.1179e-20, 6.1911e-10
6.2614e-21, 5.012e-10
3.4948e-21, 4.053e-10
1.9438e-21, 3.2741e-10
1.0774e-21, 2.6419e-10
5.9506e-22, 2.1296e-10
3.2752e-22, 1.7147e-10
1.7964e-22, 1.3792e-10
9.819e-23, 1.1082e-10
5.3483e-23, 8.8943e-11
2.903e-23, 7.1309e-11
1.5703e-23, 5.7111e-11
8.4643e-24, 4.569e-11
4.5468e-24, 3.6514e-11
2.434e-24, 2.9149e-11
1.2984e-24, 2.3245e-11
6.9027e-25, 1.8517e-11
3.6569e-25, 1.4734e-11
1.9307e-25, 1.1712e-11
1.0158e-25, 9.2995e-12
5.3261e-26, 7.3761e-12
2.783e-26, 5.8442e-12
1.4492e-26, 4.6255e-12
7.5201e-27, 3.657e-12
3.889e-27, 2.8882e-12
2.0043e-27, 2.2785e-12
1.0294e-27, 1.7957e-12
5.2689e-28, 1.4136e-12
2.6876e-28, 1.1116e-12
1.3662e-28, 8.732e-13
6.9212e-29, 6.8519e-13
3.4943e-29, 5.3708e-13
1.7581e-29, 4.2054e-13
8.8154e-30, 3.2893e-13
4.4051e-30, 2.57e-13
2.1937e-30, 2.0058e-13
1.0888e-30, 1.5638e-13
5.3851e-31, 1.2179e-13
2.6544e-31, 9.4749e-14
1.304e-31, 7.3633e-14
6.3839e-32, 5.7161e-14
3.1147e-32, 4.4326e-14
1.5145e-32, 3.4336e-14
7.3392e-33, 2.6569e-14
3.5444e-33, 2.0537e-14
1.706e-33, 1.5857e-14
8.183e-34, 1.2231e-14
3.9118e-34, 9.4235e-15
1.8637e-34, 7.2528e-15
6.4889e-35, 5.5761e-15
1.6633e-34, 4.2824e-15
-2.5324e-34, 3.2853e-15
2.6923e-34, 2.5177e-15
0.5663, 0.54233
0.57028, 0.54207
0.56101, 0.5413
0.55678, 0.54002
0.54788, 0.53823
0.53277, 0.53593
0.52559, 0.53314
0.50868, 0.52987
0.49662, 0.52611
0.48552, 0.52188
0.47236, 0.5172
0.46345, 0.51207
0.45657, 0.50652
0.44774, 0.50055
0.44686, 0.49418
0.44374, 0.48742
0.43997, 0.48031
0.44697, 0.47285
0.44035, 0.46506
0.44866, 0.45697
0.44431, 0.44859
0.44883, 0.43995
0.4439, 0.43107
0.44595, 0.42197
0.43635, 0.41266
0.43541, 0.40318
0.42362, 0.39354
0.41429, 0.38377
0.40473, 0.37389
0.38787, 0.36391
0.37778, 0.35387
0.35909, 0.34378
0.34718, 0.33365
0.32897, 0.32352
0.31691, 0.3134
0.30018, 0.30331
0.28899, 0.29327
0.27507, 0.28328
0.26536, 0.27338
0.254, 0.26358
0.24634, 0.25388
0.23756, 0.24431
0.23116, 0.23488
0.22412, 0.2256
0.21913, 0.21648
0.21257, 0.20753
0.20789, 0.19876
0.20183, 0.19018
0.19645, 0.1818
0.19004, 0.17362
0.18408, 0.16566
0.17698, 0.15791
0.1699, 0.15038
0.1625, 0.14307
0.15451, 0.13599
0.14662, 0.12914
0.13846, 0.12251
0.13027, 0.11612
0.12224, 0.10995
0.11432, 0.10402
0.10668, 0.098309
0.099345, 0.092825
0.09246, 0.087564
0.085865, 0.082522
0.07986, 0.077698
0.074182, 0.073086
0.069015, 0.068682
0.064261, 0.064483
0.059876, 0.060483
0.055908, 0.056677
0.0522, 0.05306
0.048861, 0.049627
0.045683, 0.046372
0.042804, 0.04329
0.040031, 0.040374
0.037462, 0.037619
0.034989, 0.035018
0.032631, 0.032567
0.030371, 0.030258
0.028182, 0.028087
0.02608, 0.026046
0.024047, 0.024131
0.02209, 0.022335
0.02021, 0.020654
0.01841, 0.019081
0.016695, 0.017611
0.015069, 0.016239
0.013536, 0.014959
0.012099, 0.013767
0.010759, 0.012659
0.0095205, 0.011628
0.0083807, 0.010671
0.0073395, 0.009784
0.0063945, 0.008962
0.0055422, 0.0082012
0.0047788, 0.0074979
0.0040991, 0.0068484
0.003498, 0.0062493
0.0029698, 0.0056971
0.0025084, 0.0051888
0.002108, 0.0047214
0.0017625, 0.004292
0.0014663, 0.003898
0.0012138, 0.0035368
0.00099975, 0.003206
0.00081942, 0.0029034
0.00066833, 0.0026268
0.00054246, 0.0023744
0.00043818, 0.0021442
0.00035225, 0.0019344
0.00028182, 0.0017435
0.00022442, 0.00157
0.00017787, 0.0014124
0.00014032, 0.0012694
0.00011018, 0.0011398
8.6123e-05, 0.0010225
6.7011e-05, 0.00091637
5.1903e-05, 0.00082048
4.0021e-05, 0.00073393
3.0721e-05, 0.00065589
2.3477e-05, 0.00058559
1.7862e-05, 0.00052232
1.353e-05, 0.00046546
1.0204e-05, 0.00041438
7.662e-06, 0.00036857
5.7285e-06, 0.0003275
4.2644e-06, 0.00029074
3.161e-06, 0.00025786
2.3331e-06, 0.00022848
1.7148e-06, 0.00020226
1.255e-06, 0.00017887
9.1465e-07, 0.00015804
6.6381e-07, 0.00013951
4.7977e-07, 0.00012303
3.4531e-07, 0.00010839
2.4752e-07, 9.5405e-05
1.7669e-07, 8.3895e-05
1.2561e-07, 7.3705e-05
8.8938e-08, 6.469e-05
6.2716e-08, 5.6725e-05
4.4046e-08, 4.9693e-05
3.081e-08, 4.3491e-05
2.1465e-08, 3.8028e-05
1.4894e-08, 3.3219e-05
1.0294e-08, 2.8991e-05
7.0864e-09, 2.5276e-05
4.8589e-09, 2.2017e-05
3.3185e-09, 1.916e-05
2.2575e-09, 1.6658e-05
1.5297e-09, 1.4469e-05
1.0325e-09, 1.2556e-05
6.9422e-10, 1.0885e-05
4.6494e-10, 9.4277e-06
3.1018e-10, 8.1577e-06
2.0614e-10, 7.0521e-06
1.3646e-10, 6.0906e-06
8.9992e-11, 5.2552e-06
5.9119e-11, 4.5301e-06
3.8689e-11, 3.9013e-06
2.5223e-11, 3.3566e-06
1.6381e-11, 2.8852e-06
1.0598e-11, 2.4777e-06
6.8309e-12, 2.1257e-06
4.3862e-12, 1.822e-06
2.8058e-12, 1.5602e-06
1.788e-12, 1.3348e-06
1.1352e-12, 1.1408e-06
7.1803e-13, 9.741e-07
4.5247e-13, 8.3098e-07
2.8406e-13, 7.0821e-07
1.7767e-13, 6.03e-07
1.1071e-13, 5.1294e-07
6.8733e-14, 4.3592e-07
4.2513e-14, 3.7011e-07
2.6199e-14, 3.1393e-07
1.6085e-14, 2.6603e-07
9.8396e-15, 2.2523e-07
5.9969e-15, 1.905e-07
3.6415e-15, 1.6098e-07
2.2031e-15, 1.359e-07
1.328e-15, 1.1462e-07
7.9761e-16, 9.6579e-08
4.7729e-16, 8.1301e-08
2.8458e-16, 6.8375e-08
1.6906e-16, 5.745e-08
1.0006e-16, 4.8225e-08
5.9014e-17, 4.0442e-08
3.4678e-17, 3.3884e-08
2.0304e-17, 2.8362e-08
1.1845e-17, 2.3717e-08
6.8856e-18, 1.9815e-08
3.9881e-18, 1.6538e-08
2.3016e-18, 1.3791e-08
1.3235e-18, 1.1489e-08
7.5836e-19, 9.5618e-09
4.3297e-19, 7.9506e-09
2.4631e-19, 6.6046e-09
1.3963e-19, 5.4813e-09
7.8866e-20, 4.5447e-09
4.4387e-20, 3.7645e-09
2.4893e-20, 3.1154e-09
1.3911e-20, 2.5757e-09
7.7463e-21, 2.1275e-09
4.2982e-21, 1.7556e-09
2.3765e-21, 1.4474e-09
1.3093e-21, 1.1921e-09
7.188e-22, 9.8096e-10
3.9323e-22, 8.0643e-10
2.1436e-22, 6.6232e-10
1.1644e-22, 5.4345e-10
6.3028e-23, 4.4549e-10
3.3996e-23, 3.6484e-10
1.8273e-23, 2.9851e-10
9.7869e-24, 2.44e-10
5.2235e-24, 1.9926e-10
2.7781e-24, 1.6257e-10
1.4724e-24, 1.3251e-10
7.776e-25, 1.0791e-10
4.0924e-25, 8.7786e-11
2.1463e-25, 7.135e-11
1.1217e-25, 5.7937e-11
5.8416e-26, 4.7e-11
3.0316e-26, 3.8092e-11
1.5679e-26, 3.0843e-11
8.0804e-27, 2.495e-11
4.1499e-27, 2.0163e-11
2.1239e-27, 1.628e-11
1.0832e-27, 1.3132e-11
5.5055e-28, 1.0582e-11
2.7884e-28, 8.5199e-12
1.4074e-28, 6.8528e-12
7.079e-29, 5.5067e-12
3.5483e-29, 4.4209e-12
1.7724e-29, 3.5458e-12
8.8228e-30, 2.8412e-12
4.3767e-30, 2.2744e-12
2.1636e-30, 1.819e-12
1.0659e-30, 1.4534e-12
5.2331e-31, 1.1602e-12
2.5603e-31, 9.2526e-13
1.2484e-31, 7.3719e-13
6.0658e-32, 5.868e-13
2.9372e-32, 4.6664e-13
1.4174e-32, 3.7073e-13
5.3533e-33, 2.9426e-13
1.3886e-32, 2.3334e-13
-3.2138e-32, 1.8486e-13
5.8155e-32, 1.4631e-13
-4.8817e-32, 1.1569e-13
1.0593, 0.51299
-0.25076, 0.51277
0.87314, 0.51212
0.2676, 0.51103
0.16269, 0.50952
1.0241, 0.50757
-0.077124, 0.50521
0.80907, 0.50243
0.55604, 0.49924
0.35801, 0.49565
0.73572, 0.49167
0.58959, 0.48731
0.33528, 0.48257
0.94086, 0.47748
0.30787, 0.47204
0.40395, 0.46627
1.1072, 0.46017
-0.39773, 0.45377
1.3668, 0.44708
-0.33663, 0.44011
0.99368, 0.43289
-0.13647, 0.42542
0.8766, 0.41773
-0.27641, 0.40982
0.97306, 0.40173
-0.23664, 0.39346
0.57554, 0.38503
0.40044, 0.37647
-0.048529, 0.36778
0.80781, 0.35899
-0.15523, 0.35011
0.77956, 0.34117
-0.04327, 0.33216
0.70973, 0.32312
0.027618, 0.31407
0.64384, 0.305
0.11957, 0.29595
0.53599, 0.28692
0.16342, 0.27793
0.48311, 0.26899
0.17683, 0.26012
0.38525, 0.25133
0.19166, 0.24263
0.35081, 0.23403
0.12187, 0.22555
0.32967, 0.21719
0.12151, 0.20896
0.24485, 0.20087
0.13206, 0.19293
0.21806, 0.18515
0.11302, 0.17753
0.17861, 0.17008
0.15, 0.16281
0.12601, 0.15571
0.16096, 0.1488
0.12915, 0.14207
0.13697, 0.13553
0.14078, 0.12918
0.12846, 0.12303
0.13155, 0.11707
0.12572, 0.1113
0.12725, 0.10573
0.1105, 0.10035
0.12242, 0.095168
0.10019, 0.090174
0.10576, 0.08537
0.094684, 0.080752
0.087133, 0.07632
0.085775, 0.07207
0.071984, 0.067999
0.075068, 0.064103
0.058866, 0.060379
0.064232, 0.056824
0.049348, 0.053432
0.052664, 0.0502
0.043434, 0.047124
0.042108, 0.044198
0.038741, 0.041419
0.034788, 0.038782
0.033524, 0.036282
0.030367, 0.033914
0.028768, 0.031674
0.026892, 0.029557
0.02511, 0.027558
0.023742, 0.025672
0.022156, 0.023895
0.020842, 0.022222
0.019512, 0.020649
0.018163, 0.019171
0.016974, 0.017783
0.015665, 0.016482
0.014493, 0.015263
0.013306, 0.014123
0.012138, 0.013056
0.011057, 0.01206
0.0099721, 0.01113
0.0089715, 0.010264
0.0080144, 0.0094563
0.0071144, 0.0087052
0.006288, 0.0080069
0.0055141, 0.0073584
0.0048162, 0.0067567
0.0041749, 0.0061989
0.0036025, 0.0056823
0.0030882, 0.0052044
0.0026325, 0.0047626
0.0022319, 0.0043546
0.0018806, 0.0039782
0.0015764, 0.0036312
0.0013136, 0.0033117
0.0010889, 0.0030178
0.00089751, 0.0027476
0.00073589, 0.0024994
0.00060014, 0.0022718
0.00048677, 0.0020631
0.00039286, 0.001872
0.00031533, 0.0016972
0.00025187, 0.0015374
0.00020012, 0.0013914
0.00015822, 0.0012583
0.00012446, 0.0011369
9.7425e-05, 0.0010263
7.5888e-05, 0.00092577
5.8824e-05, 0.00083434
4.5379e-05, 0.0007513
3.4838e-05, 0.00067595
2.6621e-05, 0.00060764
2.0245e-05, 0.00054577
1.5325e-05, 0.00048978
1.1546e-05, 0.00043917
8.6597e-06, 0.00039345
6.4649e-06, 0.00035219
4.8046e-06, 0.00031499
3.5546e-06, 0.00028148
2.618e-06, 0.00025132
1.9197e-06, 0.00022421
1.4014e-06, 0.00019985
1.0185e-06, 0.00017798
7.37e-07, 0.00015837
5.3098e-07, 0.00014081
3.8091e-07, 0.00012508
2.7207e-07, 0.00011102
1.935e-07, 9.8453e-05
1.3704e-07, 8.7235e-05
9.6638e-08, 7.723e-05
6.7862e-08, 6.8315e-05
4.7454e-08, 6.0378e-05
3.3045e-08, 5.3317e-05
2.2916e-08, 4.7042e-05
1.5826e-08, 4.1471e-05
1.0884e-08, 3.6528e-05
7.4547e-09, 3.2147e-05
5.0851e-09, 2.8268e-05
3.4545e-09, 2.4835e-05
2.3373e-09, 2.1801e-05
1.575e-09, 1.9121e-05
1.0571e-09, 1.6757e-05
7.066e-10, 1.4672e-05
4.7044e-10, 1.2836e-05
3.1196e-10, 1.122e-05
2.0605e-10, 9.7993e-06
1.3555e-10, 8.5511e-06
8.8826e-11, 7.4556e-06
5.7977e-11, 6.495e-06
3.7693e-11, 5.6533e-06
2.441e-11, 4.9165e-06
1.5746e-11, 4.2721e-06
1.0118e-11, 3.709e-06
6.4763e-12, 3.2174e-06
4.1293e-12, 2.7886e-06
2.6227e-12, 2.4149e-06
1.6593e-12, 2.0895e-06
1.0458e-12, 1.8064e-06
6.5662e-13, 1.5603e-06
4.1068e-13, 1.3467e-06
2.5588e-13, 1.1612e-06
1.5883e-13, 1.0005e-06
9.8211e-14, 8.613e-07
6.0498e-14, 7.4083e-07
3.7127e-14, 6.3666e-07
2.2698e-14, 5.4668e-07
1.3825e-14, 4.6902e-07
8.3885e-15, 4.0205e-07
5.0709e-15, 3.4435e-07
3.054e-15, 2.9468e-07
1.8324e-15, 2.5196e-07
1.0953e-15, 2.1525e-07
6.5232e-16, 1.8373e-07
3.8705e-16, 1.567e-07
2.288e-16, 1.3353e-07
1.3475e-16, 1.1369e-07
7.9069e-17, 9.671e-08
4.6225e-17, 8.22e-08
2.6924e-17, 6.9808e-08
1.5625e-17, 5.9234e-08
9.0343e-18, 5.0218e-08
5.2045e-18, 4.2539e-08
2.9873e-18, 3.6004e-08
1.7084e-18, 3.0446e-08
9.7341e-19, 2.5725e-08
5.5263e-19, 2.1717e-08
3.126e-19, 1.8318e-08
1.7618e-19, 1.5438e-08
9.8938e-20, 1.3e-08
5.5359e-20, 1.0938e-08
3.0863e-20, 9.1946e-09
1.7144e-20, 7.7228e-09
9.4893e-21, 6.481e-09
5.2334e-21, 5.4343e-09
2.8758e-21, 4.5528e-09
1.5746e-21, 3.811e-09
8.591e-22, 3.1874e-09
4.6703e-22, 2.6636e-09
2.5298e-22, 2.2239e-09
1.3654e-22, 1.8553e-09
7.3436e-23, 1.5465e-09
3.9354e-23, 1.2879e-09
2.1015e-23, 1.0717e-09
1.1182e-23, 8.9102e-10
5.9285e-24, 7.4018e-10
3.1321e-24, 6.1435e-10
1.6489e-24, 5.0947e-10
8.6495e-25, 4.2215e-10
4.5212e-25, 3.4949e-10
2.355e-25, 2.8909e-10
1.2223e-25, 2.3893e-10
6.3216e-26, 1.9731e-10
3.258e-26, 1.6279e-10
1.6731e-26, 1.342e-10
8.5622e-27, 1.1054e-10
4.3662e-27, 9.0974e-11
2.2187e-27, 7.4806e-11
1.1235e-27, 6.146e-11
5.669e-28, 5.0452e-11
2.8505e-28, 4.138e-11
1.4283e-28, 3.3911e-11
7.1316e-29, 2.7767e-11
3.5484e-29, 2.2716e-11
1.7594e-29, 1.8568e-11
8.6929e-30, 1.5165e-11
4.2801e-30, 1.2375e-11
2.1001e-30, 1.009e-11
1.0268e-30, 8.2197e-12
4.0958e-31, 6.6905e-12
1.0813e-30, 5.4411e-12
-3.3687e-30, 4.4213e-12
8.4196e-30, 3.5895e-12
-1.2172e-29, 2.9118e-12
9.6102e-30, 2.36e-12
-161.39, 0.48795
150.66, 0.48776
-106.35, 0.4872
31.307, 0.48627
60.075, 0.48496
-120.66, 0.48329
123.14, 0.48125
-69.824, 0.47885
3.9658, 0.4761
36.054, 0.47301
-31.742, 0.46957
-6.1175, 0.4658
53.649, 0.4617
-75.852, 0.45729
45.511, 0.45257
38.049, 0.44756
-135.8, 0.44226
202.31, 0.43669
-213.65, 0.43086
187.76, 0.42478
-151.56, 0.41847
132.75, 0.41193
-133.42, 0.40519
148.68, 0.39824
-151.5, 0.39112
125.12, 0.38383
-60.637, 0.37639
-16.58, 0.3688
80.882, 0.3611
-112, 0.35328
117.51, 0.34536
-108.19, 0.33737
97.66, 0.3293
-88.269, 0.32118
80.526, 0.31303
-70.068, 0.30484
58.444, 0.29664
-48.383, 0.28844
43.084, 0.28025
-38.327, 0.27209
32.089, 0.26396
-24.54, 0.25587
22.062, 0.24785
-23.711, 0.23989
27.2, 0.232
-25.461, 0.22421
20.676, 0.21651
-14.396, 0.20891
12.458, 0.20143
-11.626, 0.19406
10.692, 0.18682
-5.6624, 0.17972
0.43698, 0.17275
3.7803, 0.16592
-3.9788, 0.15924
2.5871, 0.15271
-0.11228, 0.14634
-0.85921, 0.14013
1.0841, 0.13407
-0.42203, 0.12818
0.58274, 0.12246
-1.0068, 0.1169
1.8888, 0.1115
-1.9954, 0.10628
1.8233, 0.10122
-0.92552, 0.096326
0.31299, 0.0916
0.47108, 0.087039
-0.68507, 0.082642
1.1182, 0.078406
-1.1207, 0.074331
1.3961, 0.070413
-1.1913, 0.06665
1.1777, 0.063041
-0.72518, 0.059581
0.53347, 0.056267
-0.08441, 0.053097
0.0024215, 0.050067
0.20152, 0.047174
-0.083876, 0.044414
0.12697, 0.041783
0.011597, 0.039278
0.032719, 0.036895
0.050749, 0.03463
0.010241, 0.032479
0.039049, 0.030438
0.019843, 0.028503
0.018303, 0.026671
0.028114, 0.024938
0.0095202, 0.023299
0.024158, 0.021751
0.013553, 0.020291
0.014506, 0.018914
0.017519, 0.017617
0.010839, 0.016396
0.015178, 0.015248
0.01167, 0.01417
0.01155, 0.013157
0.011682, 0.012208
0.009544, 0.011319
0.010222, 0.010486
0.0083311, 0.0097069
0.0084437, 0.008979
0.007204, 0.0082992
0.0067213, 0.007665
0.0060482, 0.0070739
0.0052884, 0.0065233
0.0048052, 0.006011
0.0041395, 0.0055346
0.0036782, 0.0050921
0.0031518, 0.0046814
0.002744, 0.0043005
0.0023399, 0.0039475
0.0019883, 0.0036208
0.0016924, 0.0033185
0.0014091, 0.0030391
0.0011872, 0.0027811
0.00097824, 0.0025431
0.00081077, 0.0023237
0.00066308, 0.0021215
0.00054109, 0.0019355
0.00043846, 0.0017644
0.00035318, 0.0016072
0.00028322, 0.0014629
0.00022543, 0.0013305
0.0001789, 0.0012092
0.00014078, 0.0010981
0.00011054, 0.00099639
8.6083e-05, 0.00090344
6.6854e-05, 0.00081854
5.1549e-05, 0.00074104
3.9602e-05, 0.00067037
3.0241e-05, 0.00060597
2.299e-05, 0.00054734
1.7385e-05, 0.000494
1.3085e-05, 0.00044552
9.7986e-06, 0.00040148
7.3036e-06, 0.00036152
5.4169e-06, 0.00032529
3.9988e-06, 0.00029247
2.9382e-06, 0.00026275
2.1485e-06, 0.00023587
1.564e-06, 0.00021158
1.1331e-06, 0.00018965
8.1725e-07, 0.00016986
5.8676e-07, 0.00015202
4.1936e-07, 0.00013594
2.9838e-07, 0.00012148
2.1135e-07, 0.00010847
1.4905e-07, 9.6774e-05
1.0465e-07, 8.6276e-05
7.3149e-08, 7.6858e-05
5.0913e-08, 6.8416e-05
3.528e-08, 6.0854e-05
2.4343e-08, 5.4087e-05
1.6724e-08, 4.8035e-05
1.1441e-08, 4.2627e-05
7.7938e-09, 3.78e-05
5.2868e-09, 3.3493e-05
3.5711e-09, 2.9654e-05
2.4021e-09, 2.6235e-05
1.609e-09, 2.3192e-05
1.0733e-09, 2.0487e-05
7.1304e-10, 1.8083e-05
4.7173e-10, 1.5949e-05
3.1082e-10, 1.4056e-05
2.0395e-10, 1.2378e-05
1.3329e-10, 1.0893e-05
8.6751e-11, 9.5777e-06
5.6236e-11, 8.415e-06
3.6308e-11, 7.3879e-06
2.3348e-11, 6.4811e-06
1.4954e-11, 5.6812e-06
9.5392e-12, 4.9763e-06
6.0612e-12, 4.3554e-06
3.836e-12, 3.8091e-06
2.4181e-12, 3.3288e-06
1.5183e-12, 2.9068e-06
9.4963e-13, 2.5364e-06
5.9161e-13, 2.2114e-06
3.6713e-13, 1.9266e-06
2.2694e-13, 1.6772e-06
1.3974e-13, 1.459e-06
8.571e-14, 1.2682e-06
5.2369e-14, 1.1015e-06
3.1874e-14, 9.5594e-07
1.9325e-14, 8.29e-07
1.1672e-14, 7.1837e-07
7.0229e-15, 6.2202e-07
4.2094e-15, 5.3819e-07
2.5134e-15, 4.6529e-07
1.495e-15, 4.0196e-07
8.8593e-16, 3.4698e-07
5.23e-16, 2.9929e-07
3.0758e-16, 2.5796e-07
1.8021e-16, 2.2217e-07
1.0519e-16, 1.9119e-07
6.1165e-17, 1.6441e-07
3.5435e-17, 1.4127e-07
2.0451e-17, 1.2129e-07
1.176e-17, 1.0406e-07
6.7367e-18, 8.921e-08
3.8449e-18, 7.6419e-08
2.1863e-18, 6.5412e-08
1.2385e-18, 5.5948e-08
6.9905e-19, 4.7816e-08
3.931e-19, 4.0834e-08
2.2024e-19, 3.4845e-08
1.2294e-19, 2.9712e-08
6.8371e-20, 2.5315e-08
3.7885e-20, 2.1553e-08
2.0915e-20, 1.8336e-08
1.1505e-20, 1.5586e-08
6.305e-21, 1.3239e-08
3.4429e-21, 1.1237e-08
1.8731e-21, 9.5303e-09
1.0154e-21, 8.0765e-09
5.4842e-22, 6.8393e-09
2.9513e-22, 5.7871e-09
1.5825e-22, 4.8931e-09
8.4548e-23, 4.134e-09
4.5008e-23, 3.4899e-09
2.3873e-23, 2.944e-09
1.2617e-23, 2.4815e-09
6.6439e-24, 2.0901e-09
3.4861e-24, 1.7591e-09
1.8226e-24, 1.4793e-09
9.4946e-25, 1.2431e-09
4.9284e-25, 1.0438e-09
2.5491e-25, 8.7583e-10
1.3137e-25, 7.3429e-10
6.7462e-26, 6.1515e-10
3.452e-26, 5.1495e-10
1.7601e-26, 4.3074e-10
8.9421e-27, 3.6002e-10
4.5269e-27, 3.0069e-10
2.2836e-27, 2.5093e-10
1.1479e-27, 2.0925e-10
5.7494e-28, 1.7436e-10
2.8695e-28, 1.4518e-10
1.4271e-28, 1.2079e-10
7.0724e-29, 1.0041e-10
2.9301e-29, 8.3415e-11
8.0326e-29, 6.924e-11
-3.1647e-28, 5.743e-11
1.0034e-27, 4.7597e-11
-1.9992e-27, 3.9418e-11
2.6151e-27, 3.2619e-11
-1.9368e-27, 2.6972e-11
38533, 0.46625
-35132, 0.46609
24364, 0.4656
-6720.1, 0.46478
-12929, 0.46364
26201, 0.46218
-26957, 0.4604
16469, 0.45831
-2581.5, 0.45591
-6156.9, 0.4532
5760.5, 0.45019
2110.7, 0.44689
-11681, 0.4433
15478, 0.43943
-7941.7, 0.43529
-10278, 0.43088
31607, 0.42622
-46552, 0.42132
50465, 0.41618
-45738, 0.41082
38514, 0.40524
-33997, 0.39946
33860, 0.39348
-35953, 0.38732
35611, 0.38099
-28543, 0.3745
14188, 0.36786
3294.6, 0.36109
-17920, 0.35419
26076, 0.34718
-28106, 0.34007
26649, 0.33288
-24193, 0.32561
21905, 0.31827
-19722, 0.31088
17235, 0.30345
-14533, 0.29599
12246, 0.28851
-10675, 0.28102
9375.1, 0.27353
-7844.8, 0.26606
6375.9, 0.25861
-5705.3, 0.25119
5970.9, 0.24382
-6394.4, 0.23649
6100.1, 0.22923
-5014.3, 0.22203
3825.1, 0.2149
-3145.8, 0.20786
2865.4, 0.20091
-2387.1, 0.19406
1386.5, 0.18731
-170.44, 0.18066
-684.58, 0.17413
884.18, 0.16772
-571.87, 0.16143
120.94, 0.15527
165.94, 0.14924
-212.79, 0.14334
155.26, 0.13758
-160.26, 0.13196
277.08, 0.12648
-418.47, 0.12114
475.59, 0.11594
-405.37, 0.11089
246.29, 0.10599
-66.674, 0.10123
-81.013, 0.096618
182.8, 0.092152
-249.5, 0.08783
293.74, 0.083652
-315.07, 0.079617
306.11, 0.075723
-263.69, 0.07197
195.29, 0.068354
-115.81, 0.064875
43.608, 0.061529
6.9629, 0.058316
-29.837, 0.055231
30.683, 0.052273
-20.099, 0.049438
8.4744, 0.046725
-0.15904, 0.044129
-3.5786, 0.041649
4.308, 0.03928
-2.9379, 0.03702
1.1152, 0.034866
0.72205, 0.032814
-1.733, 0.030861
2.0699, 0.029004
-1.541, 0.027239
0.73021, 0.025564
0.1422, 0.023976
-0.58349, 0.02247
0.69408, 0.021044
-0.47132, 0.019694
0.22168, 0.018419
0.027151, 0.017213
-0.129, 0.016076
0.18413, 0.015003
-0.14908, 0.013992
0.13256, 0.01304
-0.075395, 0.012144
0.054131, 0.011302
-0.0050755, 0.01051
0.00066471, 0.0097677
0.022442, 0.0090712
-0.0065052, 0.0084184
0.016809, 0.0078071
-0.00035976, 0.0072351
0.010506, 0.0067003
0.0029739, 0.0062008
0.0055905, 0.0057344
0.0054445, 0.0052994
0.002479, 0.0048939
0.0052095, 0.0045164
0.0019928, 0.004165
0.0035495, 0.0038382
0.0020374, 0.0035347
0.0022562, 0.0032528
0.0017418, 0.0029913
0.0015142, 0.002749
0.0013026, 0.0025244
0.0010376, 0.0023166
0.00092394, 0.0021244
0.00070057, 0.0019468
0.00062868, 0.0017828
0.00046948, 0.0016315
0.00041015, 0.0014919
0.00031016, 0.0013634
0.00025977, 0.001245
0.00019991, 0.0011361
0.00016106, 0.0010361
0.00012507, 0.00094413
9.8264e-05, 0.00085976
7.5931e-05, 0.00078237
5.8883e-05, 0.00071146
4.5011e-05, 0.00064651
3.4474e-05, 0.00058709
2.6162e-05, 0.00053275
1.9734e-05, 0.0004831
1.4873e-05, 0.00043777
1.1089e-05, 0.00039642
8.2615e-06, 0.00035872
6.1113e-06, 0.00032438
4.4989e-06, 0.00029312
3.2973e-06, 0.00026469
2.4036e-06, 0.00023885
1.7439e-06, 0.00021538
1.2594e-06, 0.00019408
9.0454e-07, 0.00017476
6.4738e-07, 0.00015726
4.6034e-07, 0.00014141
3.2648e-07, 0.00012706
2.3001e-07, 0.0001141
1.6157e-07, 0.00010238
1.1284e-07, 9.1804e-05
7.8504e-08, 8.2262e-05
5.4353e-08, 7.3661e-05
3.7466e-08, 6.5912e-05
2.5712e-08, 5.8937e-05
1.7564e-08, 5.2663e-05
1.1949e-08, 4.7024e-05
8.0901e-09, 4.196e-05
5.4563e-09, 3.7415e-05
3.6621e-09, 3.3338e-05
2.4485e-09, 2.9685e-05
1.6293e-09, 2.6414e-05
1.08e-09, 2.3487e-05
7.1262e-10, 2.0869e-05
4.6835e-10, 1.853e-05
3.0645e-10, 1.6442e-05
1.997e-10, 1.4579e-05
1.2959e-10, 1.2918e-05
8.3739e-11, 1.1438e-05
5.3893e-11, 1.0121e-05
3.4538e-11, 8.9487e-06
2.2045e-11, 7.9069e-06
1.4013e-11, 6.9815e-06
8.871e-12, 6.1601e-06
5.5933e-12, 5.4315e-06
3.5122e-12, 4.7857e-06
2.1966e-12, 4.2138e-06
1.3683e-12, 3.7076e-06
8.4887e-13, 3.2599e-06
5.2455e-13, 2.8643e-06
3.2285e-13, 2.5149e-06
1.9791e-13, 2.2066e-06
1.2085e-13, 1.9347e-06
7.3498e-14, 1.6952e-06
4.4526e-14, 1.4842e-06
2.6868e-14, 1.2986e-06
1.615e-14, 1.1354e-06
9.6691e-15, 9.9207e-07
5.7666e-15, 8.6618e-07
3.4258e-15, 7.5574e-07
2.0273e-15, 6.5892e-07
1.1951e-15, 5.7411e-07
7.018e-16, 4.9985e-07
4.1053e-16, 4.349e-07
2.3923e-16, 3.7812e-07
1.3887e-16, 3.2853e-07
8.0306e-17, 2.8524e-07
4.6262e-17, 2.4748e-07
2.6549e-17, 2.1456e-07
1.5179e-17, 1.859e-07
8.6448e-18, 1.6095e-07
4.9051e-18, 1.3925e-07
2.7726e-18, 1.2039e-07
1.5613e-18, 1.0402e-07
8.7593e-19, 8.9806e-08
4.8957e-19, 7.7482e-08
2.726e-19, 6.6802e-08
1.5122e-19, 5.7553e-08
8.3576e-20, 4.9551e-08
4.6018e-20, 4.2631e-08
2.5244e-20, 3.6652e-08
1.3797e-20, 3.1489e-08
7.5123e-21, 2.7034e-08
4.0754e-21, 2.3194e-08
2.2027e-21, 1.9885e-08
1.1862e-21, 1.7036e-08
6.3639e-22, 1.4585e-08
3.4018e-22, 1.2478e-08
1.8117e-22, 1.0668e-08
9.6136e-23, 9.1141e-09
5.0826e-23, 7.781e-09
2.6773e-23, 6.6383e-09
1.4051e-23, 5.6594e-09
7.3478e-24, 4.8215e-09
3.8283e-24, 4.1048e-09
1.9874e-24, 3.4921e-09
1.028e-24, 2.9688e-09
5.2977e-25, 2.5222e-09
2.7204e-25, 2.1412e-09
1.3918e-25, 1.8166e-09
7.0955e-26, 1.54e-09
3.6042e-26, 1.3047e-09
1.8242e-26, 1.1045e-09
9.1993e-27, 9.3441e-10
4.6226e-27, 7.8995e-10
1.9657e-27, 6.6735e-10
5.7613e-27, 5.6338e-10
-2.7685e-26, 4.7528e-10
1.0612e-25, 4.0068e-10
-2.67e-25, 3.3754e-10
4.7026e-25, 2.8416e-10
-5.657e-25, 2.3905e-10
4.0037e-25, 2.0096e-10
-9.096e+06, 0.44721
8.2209e+06, 0.44707
-5.5916e+06, 0.44664
1.5355e+06, 0.44592
2.7982e+06, 0.44491
-5.6958e+06, 0.44362
5.9614e+06, 0.44205
-3.8572e+06, 0.4402
9.5692e+05, 0.43808
9.544e+05, 0.43568
-9.5942e+05, 0.43302
-6.267e+05, 0.43009
2.5273e+06, 0.42692
-3.1204e+06, 0.42349
1.2992e+06, 0.41981
2.7315e+06, 0.4159
-7.4112e+06, 0.41177
1.0814e+07, 0.40741
-1.1929e+07, 0.40283
1.1143e+07, 0.39805
-9.6809e+06, 0.39308
8.6689e+06, 0.38791
-8.5018e+06, 0.38257
8.7295e+06, 0.37706
-8.379e+06, 0.37138
6.5984e+06, 0.36556
-3.3106e+06, 0.35959
-6.3665e+05, 0.3535
4.0253e+06, 0.34728
-6.0611e+06, 0.34095
6.7261e+06, 0.33453
-6.5205e+06, 0.32801
5.9862e+06, 0.32141
-5.4171e+06, 0.31474
4.8525e+06, 0.30801
-4.2437e+06, 0.30123
3.6154e+06, 0.29441
-3.0692e+06, 0.28756
2.6536e+06, 0.28069
-2.3014e+06, 0.2738
1.9415e+06, 0.26691
-1.6244e+06, 0.26003
1.4673e+06, 0.25316
-1.4846e+06, 0.24631
1.5349e+06, 0.23949
-1.4577e+06, 0.23272
1.2321e+06, 0.22598
-9.7643e+05, 0.21931
8.0175e+05, 0.21269
-6.9549e+05, 0.20614
5.5724e+05, 0.19966
-3.2911e+05, 0.19326
64485, 0.18694
1.2846e+05, 0.18072
-1.8666e+05, 0.17458
1.3266e+05, 0.16855
-40044, 0.16262
-26106, 0.1568
46088, 0.15109
-42227, 0.1455
46518, 0.14002
-69963, 0.13466
98139, 0.12942
-1.0958e+05, 0.1243
94619, 0.11932
-59562, 0.11445
18449, 0.10972
17165, 0.10511
-42978, 0.10063
60236, 0.096279
-71134, 0.092058
75945, 0.087965
-73536, 0.083999
63522, 0.080161
-47551, 0.076448
29057, 0.072861
-12113, 0.069397
-2.6463, 0.066055
6004.2, 0.062833
-6870.2, 0.059731
4900, 0.056744
-2298.4, 0.053872
323.11, 0.051113
697.42, 0.048464
-933.92, 0.045922
697.61, 0.043486
-274.56, 0.041152
-127.12, 0.038918
386.27, 0.036782
-457.6, 0.034741
363.15, 0.032792
-176.54, 0.030932
-8.3942, 0.029159
123.62, 0.02747
-150.77, 0.025862
114.75, 0.024332
-54.806, 0.022878
2.4069, 0.021497
28.966, 0.020187
-39.889, 0.018944
37.972, 0.017766
-30.223, 0.016651
20.849, 0.015595
-11.648, 0.014597
4.0217, 0.013654
0.99496, 0.012764
-3.1225, 0.011924
3.2337, 0.011133
-2.4931, 0.010387
1.7378, 0.0096844
-1.1302, 0.0090239
0.63221, 0.008403
-0.16569, 0.0078197
-0.16937, 0.0072723
0.35564, 0.0067588
-0.36352, 0.0062775
0.29794, 0.0058268
-0.18671, 0.0054049
0.10935, 0.0050103
-0.043199, 0.0046415
0.019523, 0.0042971
0.0025064, 0.0039757
-0.0020084, 0.003676
0.010418, 0.0033967
-0.0058755, 0.0031365
0.010092, 0.0028944
-0.0047839, 0.0026693
0.0066608, 0.0024601
-0.0021101, 0.0022659
0.0033848, 0.0020856
-0.00032703, 0.0019184
0.0015028, 0.0017635
0.00033806, 0.0016201
0.00069431, 0.0014874
0.00037583, 0.0013646
0.00040351, 0.0012512
0.00025591, 0.0011465
0.00025174, 0.0010498
0.00017242, 0.0009607
0.00014298, 0.00087858
0.00011684, 0.00080297
8.1738e-05, 0.00073338
7.0333e-05, 0.0006694
5.027e-05, 0.0006106
3.9458e-05, 0.00055661
2.9971e-05, 0.00050707
2.2387e-05, 0.00046163
1.6905e-05, 0.00042
1.2612e-05, 0.00038188
9.299e-06, 0.00034699
6.9596e-06, 0.00031509
4.9953e-06, 0.00028593
3.7576e-06, 0.00025931
2.6441e-06, 0.00023501
1.9685e-06, 0.00021285
1.3833e-06, 0.00019266
1.0055e-06, 0.00017427
7.099e-07, 0.00015753
5.0471e-07, 0.00014231
3.5574e-07, 0.00012848
2.4934e-07, 0.00011592
1.7455e-07, 0.00010451
1.2085e-07, 9.4172e-05
8.4043e-08, 8.4799e-05
5.7515e-08, 7.631e-05
3.9661e-08, 6.8626e-05
2.6903e-08, 6.1676e-05
1.8361e-08, 5.5395e-05
1.2359e-08, 4.9721e-05
8.346e-09, 4.4599e-05
5.576e-09, 3.9979e-05
3.7253e-09, 3.5815e-05
2.4717e-09, 3.2064e-05
1.6336e-09, 2.8687e-05
1.076e-09, 2.5649e-05
7.0434e-10, 2.2918e-05
4.5999e-10, 2.0465e-05
2.9863e-10, 1.8262e-05
1.932e-10, 1.6286e-05
1.2446e-10, 1.4515e-05
7.9788e-11, 1.2927e-05
5.0971e-11, 1.1506e-05
3.2409e-11, 1.0235e-05
2.0522e-11, 9.0981e-06
1.2943e-11, 8.0823e-06
8.1274e-12, 7.1753e-06
5.0825e-12, 6.366e-06
3.1659e-12, 5.6443e-06
1.9631e-12, 5.0012e-06
1.213e-12, 4.4286e-06
7.4598e-13, 3.9189e-06
4.5715e-13, 3.4657e-06
2.7889e-13, 3.0629e-06
1.6952e-13, 2.7052e-06
1.0259e-13, 2.3877e-06
6.1852e-14, 2.1061e-06
3.7135e-14, 1.8566e-06
2.2209e-14, 1.6355e-06
1.3229e-14, 1.4399e-06
7.8486e-15, 1.2668e-06
4.6379e-15, 1.1138e-06
2.7301e-15, 9.7865e-07
1.6006e-15, 8.5935e-07
9.348e-16, 7.5411e-07
5.4376e-16, 6.6133e-07
3.1509e-16, 5.7959e-07
1.8187e-16, 5.0762e-07
1.0456e-16, 4.4431e-07
5.9889e-17, 3.8864e-07
3.4164e-17, 3.3972e-07
1.9418e-17, 2.9677e-07
1.0992e-17, 2.5909e-07
6.1993e-18, 2.2604e-07
3.4826e-18, 1.9708e-07
1.9491e-18, 1.7172e-07
1.0866e-18, 1.4953e-07
6.0351e-19, 1.3012e-07
3.3391e-19, 1.1316e-07
1.8405e-19, 9.8344e-08
1.0106e-19, 8.5414e-08
5.5282e-20, 7.4136e-08
3.0128e-20, 6.4305e-08
1.6357e-20, 5.5742e-08
8.8472e-21, 4.8288e-08
4.7673e-21, 4.1804e-08
2.5593e-21, 3.6168e-08
1.3688e-21, 3.1271e-08
7.2934e-22, 2.7019e-08
3.8717e-22, 2.3331e-08
2.0477e-22, 2.0133e-08
1.079e-22, 1.7362e-08
5.6643e-23, 1.4963e-08
2.9625e-23, 1.2887e-08
1.5438e-23, 1.1092e-08
8.0149e-24, 9.5411e-09
4.1458e-24, 8.2015e-09
2.1366e-24, 7.0455e-09
1.0971e-24, 6.0485e-09
5.6124e-25, 5.1892e-09
2.8607e-25, 4.4492e-09
1.2366e-25, 3.8122e-09
4.0202e-25, 3.2643e-09
-2.3033e-24, 2.7933e-09
1.0342e-23, 2.3888e-09
-3.1324e-23, 2.0415e-09
6.8577e-23, 1.7436e-09
-1.0947e-22, 1.4882e-09
1.2356e-22, 1.2694e-09
-8.432e-23, 1.0821e-09
2.1382e+09, 0.43033
-1.9218e+09, 0.4302
1.2927e+09, 0.42982
-3.6207e+08, 0.42918
-6.0212e+08, 0.42828
1.2437e+09, 0.42713
-1.3256e+09, 0.42573
9.0338e+08, 0.42408
-2.9768e+08, 0.42218
-1.1755e+08, 0.42005
1.3833e+08, 0.41767
1.743e+08, 0.41506
-5.4319e+08, 0.41222
6.2107e+08, 0.40915
-1.8392e+08, 0.40586
-7.1493e+08, 0.40236
1.7515e+09, 0.39865
-2.5293e+09, 0.39474
2.8287e+09, 0.39064
-2.7104e+09, 0.38635
2.4191e+09, 0.38187
-2.1936e+09, 0.37722
2.1245e+09, 0.37241
-2.1204e+09, 0.36744
1.981e+09, 0.36232
-1.5364e+09, 0.35705
7.7684e+08, 0.35165
1.2262e+08, 0.34613
-9.1039e+08, 0.34049
1.4121e+09, 0.33474
-1.6074e+09, 0.3289
1.5902e+09, 0.32296
-1.4765e+09, 0.31694
1.3383e+09, 0.31084
-1.1959e+09, 0.30469
1.047e+09, 0.29847
-8.9811e+08, 0.29221
7.6621e+08, 0.28591
-6.5939e+08, 0.27957
5.6798e+08, 0.27322
-4.8221e+08, 0.26684
4.1115e+08, 0.26047
-3.7324e+08, 0.25409
3.6875e+08, 0.24772
-3.7123e+08, 0.24136
3.5086e+08, 0.23503
-3.0247e+08, 0.22873
2.4621e+08, 0.22246
-2.0228e+08, 0.21624
1.6981e+08, 0.21007
-1.3207e+08, 0.20395
7.9029e+07, 0.19789
-2.0373e+07, 0.19189
-2.3375e+07, 0.18597
3.9149e+07, 0.18012
-3.0373e+07, 0.17435
1.1532e+07, 0.16866
3.5858e+06, 0.16306
-9.9056e+06, 0.15756
1.0936e+07, 0.15215
-1.2678e+07, 0.14683
1.7574e+07, 0.14162
-2.3203e+07, 0.13651
2.5429e+07, 0.13151
-2.2125e+07, 0.12662
1.4336e+07, 0.12183
-4.8978e+06, 0.11716
-3.6322e+06, 0.11259
1.0085e+07, 0.10814
-1.4484e+07, 0.10381
1.7193e+07, 0.099586
-1.8311e+07, 0.095479
1.7692e+07, 0.091487
-1.5321e+07, 0.087609
1.1589e+07, 0.083846
-7.2733e+06, 0.080196
3.2913e+06, 0.07666
-3.7841e+05, 0.073235
-1.1646e+06, 0.069922
1.5211e+06, 0.066719
-1.1712e+06, 0.063624
6.0654e+05, 0.060637
-1.39e+05, 0.057756
-1.2365e+05, 0.054979
2.0137e+05, 0.052303
-1.6073e+05, 0.049729
69142, 0.047253
22562, 0.044873
-83765, 0.042588
1.0275e+05, 0.040395
-83986, 0.038292
43710, 0.036277
-2248.6, 0.034347
-25074, 0.032501
33325, 0.030735
-26861, 0.029048
14005, 0.027438
-1898.1, 0.025901
-5886.8, 0.024435
9056.6, 0.023039
-9017.6, 0.021709
7364.4, 0.020444
-5160.5, 0.019242
2974.7, 0.018099
-1155.1, 0.017014
-66.63, 0.015984
646.25, 0.015008
-745.92, 0.014083
614.9, 0.013207
-438.4, 0.012378
285.96, 0.011594
-158.11, 0.010854
49.077, 0.010154
32.61, 0.0094944
-76.784, 0.008872
85.236, 0.0082854
-70.762, 0.0077331
48.218, 0.0072132
-27.704, 0.0067243
13.304, 0.0062647
-4.9243, 0.0058331
0.77762, 0.005428
1.0483, 0.005048
-1.7702, 0.0046918
1.9943, 0.0043581
-1.9022, 0.0040457
1.6271, 0.0037535
-1.2467, 0.0034803
0.88237, 0.0032251
-0.56743, 0.0029868
0.34326, 0.0027645
-0.18416, 0.0025571
0.09464, 0.002364
-0.04114, 0.0021841
0.021838, 0.0020167
-0.010464, 0.001861
0.0091491, 0.0017163
-0.0044082, 0.0015819
0.0032655, 0.0014571
0.00034748, 0.0013414
-0.00043884, 0.0012342
0.001551, 0.0011348
-0.00046654, 0.0010428
0.00062389, 0.00095775
0.00012164, 0.00087907
0.00014792, 0.00080637
0.0001527, 0.00073924
9.0649e-05, 0.0006773
7.3382e-05, 0.00062018
6.9654e-05, 0.00056753
3.0213e-05, 0.00051904
5.0048e-05, 0.00047442
1.1461e-05, 0.00043337
2.979e-05, 0.00039563
7.5797e-06, 0.00036097
1.4236e-05, 0.00032915
6.1053e-06, 0.00029995
6.3142e-06, 0.00027318
3.9901e-06, 0.00024865
2.9953e-06, 0.00022619
2.2095e-06, 0.00020563
1.4817e-06, 0.00018683
1.1687e-06, 0.00016965
7.2114e-07, 0.00015395
5.9531e-07, 0.00013963
3.5565e-07, 0.00012656
2.8825e-07, 0.00011465
1.7585e-07, 0.00010379
1.3573e-07, 9.391e-05
8.538e-08, 8.4918e-05
6.2575e-08, 7.6741e-05
4.0743e-08, 6.9309e-05
2.8238e-08, 6.256e-05
1.9023e-08, 5.6435e-05
1.2602e-08, 5.0879e-05
8.5992e-09, 4.5842e-05
5.6054e-09, 4.128e-05
3.7664e-09, 3.7149e-05
2.468e-09, 3.3412e-05
1.6168e-09, 3.0032e-05
1.0628e-09, 2.6979e-05
6.8674e-10, 2.4221e-05
4.4628e-10, 2.1732e-05
2.8763e-10, 1.9488e-05
1.8426e-10, 1.7464e-05
1.1793e-10, 1.5642e-05
7.5037e-11, 1.4001e-05
4.7422e-11, 1.2525e-05
3.0026e-11, 1.1198e-05
1.8771e-11, 1.0005e-05
1.1792e-11, 8.9346e-06
7.312e-12, 7.9736e-06
4.5504e-12, 7.1117e-06
2.801e-12, 6.3391e-06
1.7265e-12, 5.6472e-06
1.0551e-12, 5.0277e-06
6.4417e-13, 4.4736e-06
3.9085e-13, 3.9781e-06
2.3646e-13, 3.5354e-06
1.4235e-13, 3.1401e-06
8.5414e-14, 2.7873e-06
5.0984e-14, 2.4727e-06
3.0356e-14, 2.1923e-06
1.7968e-14, 1.9425e-06
1.0611e-14, 1.7201e-06
6.2332e-15, 1.5223e-06
3.6482e-15, 1.3465e-06
2.1283e-15, 1.1902e-06
1.2344e-15, 1.0515e-06
7.1491e-16, 9.2833e-07
4.1128e-16, 8.1912e-07
2.3625e-16, 7.2234e-07
1.3491e-16, 6.366e-07
7.6843e-17, 5.6071e-07
4.3553e-17, 4.9357e-07
2.4608e-17, 4.3421e-07
1.3841e-17, 3.8177e-07
7.7574e-18, 3.3545e-07
4.331e-18, 2.9458e-07
2.4076e-18, 2.5853e-07
1.3342e-18, 2.2676e-07
7.3583e-19, 1.9878e-07
4.0462e-19, 1.7414e-07
2.2148e-19, 1.5247e-07
1.2083e-19, 1.3341e-07
6.5644e-20, 1.1667e-07
3.5536e-20, 1.0197e-07
1.916e-20, 8.9062e-08
1.0293e-20, 7.7745e-08
5.5075e-21, 6.7825e-08
2.9364e-21, 5.9136e-08
1.5593e-21, 5.1529e-08
8.2508e-22, 4.4874e-08
4.3486e-22, 3.9055e-08
2.2836e-22, 3.397e-08
1.1946e-22, 2.953e-08
6.226e-23, 2.5655e-08
3.2326e-23, 2.2275e-08
1.6722e-23, 1.9329e-08
7.2771e-24, 1.6762e-08
2.7452e-23, 1.4527e-08
-1.8459e-22, 1.2583e-08
9.4946e-22, 1.0893e-08
-3.357e-21, 9.4239e-09
8.746e-21, 8.1482e-09
-1.7165e-20, 7.0409e-09
2.5378e-20, 6.0805e-09
-2.7213e-20, 5.248e-09
1.8032e-20, 4.5267e-09
