0     1
0.0418879     1.01389
0.0837758     1.05588
0.125664     1.12693
0.167552     1.22865
0.20944     1.3633
0.251327     1.53371
0.293215     1.74337
0.335103     1.99628
0.376991     2.297
0.418879     2.65051
0.460767     3.06212
0.502655     3.53739
0.544543     4.0819
0.586431     4.7011
0.628319     5.40005
0.670206     6.18316
0.712094     7.05385
0.753982     8.01427
0.79587     9.06494
0.837758     10.2043
0.879646     11.4286
0.921534     12.7314
0.963422     14.1034
1.00531     15.5324
1.0472     17.0033
1.08909     18.4977
1.13097     19.995
1.17286     21.4721
1.21475     22.9039
1.25664     24.2645
1.29852     25.5278
1.34041     26.6678
1.3823     27.6602
1.42419     28.4832
1.46608     29.118
1.50796     29.5497
1.54985     29.7682
1.59174     29.7682
1.63363     29.5497
1.67552     29.118
1.7174     28.4832
1.75929     27.6602
1.80118     26.6678
1.84307     25.5278
1.88496     24.2645
1.92684     22.9039
1.96873     21.472
2.01062     19.995
2.05251     18.4977
2.0944     17.0032
2.13628     15.5324
2.17817     14.1034
2.22006     12.7314
2.26195     11.4286
2.30383     10.2043
2.34572     9.06493
2.38761     8.01427
2.4295     7.05385
2.47139     6.18316
2.51327     5.40006
2.55516     4.7011
2.59705     4.0819
2.63894     3.53739
2.68083     3.06213
2.72271     2.65051
2.7646     2.29701
2.80649     1.99629
2.84838     1.74337
2.89027     1.53372
2.93215     1.36331
2.97404     1.22867
3.01593     1.12694
3.05782     1.05589
3.0997     1.01391
3.14159     1.00002
3.18348     1.01392
3.22537     1.05591
3.26726     1.12697
3.30914     1.2287
3.35103     1.36335
3.39292     1.53378
3.43481     1.74344
3.4767     1.99637
3.51858     2.29711
3.56047     2.65063
3.60236     3.06227
3.64425     3.53756
3.68614     4.0821
3.72802     4.70133
3.76991     5.40031
3.8118     6.18346
3.85369     7.0542
3.89557     8.01466
3.93746     9.06536
3.97935     10.2048
4.02124     11.4292
4.06313     12.732
4.10501     14.1041
4.1469     15.5332
4.18879     17.0041
4.23068     18.4986
4.27257     19.996
4.31445     21.4731
4.35634     22.905
4.39823     24.2658
4.44012     25.529
4.48201     26.6691
4.52389     27.6616
4.56578     28.4846
4.60767     29.1194
4.64956     29.5511
4.69145     29.7696
4.73333     29.7696
4.77522     29.5512
4.81711     29.1194
4.859     28.4846
4.90088     27.6616
4.94277     26.6691
4.98466     25.529
5.02655     24.2657
5.06844     22.905
5.11032     21.4731
5.15221     19.996
5.1941     18.4986
5.23599     17.0041
5.27788     15.5332
5.31976     14.1041
5.36165     12.732
5.40354     11.4292
5.44543     10.2048
5.48732     9.06538
5.5292     8.01467
5.57109     7.0542
5.61298     6.18347
5.65487     5.40033
5.69675     4.70134
5.73864     4.08211
5.78053     3.53757
5.82242     3.06228
5.86431     2.65065
5.90619     2.29713
5.94808     1.9964
5.98997     1.74347
6.03186     1.53381
6.07375     1.36338
6.11563     1.22874
6.15752     1.12701
6.19941     1.05596
6.2413     1.01398
6.28319     1.0001
