0     1
0.0418879     1.08021
0.0837758     1.33333
0.125664     1.79859
0.167552     2.54709
0.20944     3.69105
0.251327     5.39771
0.293215     7.90889
0.335103     11.568
0.376991     16.8544
0.418879     24.4287
0.460767     35.1877
0.502655     50.3299
0.544543     71.4313
0.586431     100.527
0.628319     140.191
0.670206     193.615
0.712094     264.65
0.753982     357.823
0.79587     478.284
0.837758     631.671
0.879646     823.876
0.921534     1060.68
0.963422     1347.29
1.00531     1687.71
1.0472     2084.08
1.08909     2535.96
1.13097     3039.69
1.17286     3587.8
1.21475     4168.76
1.25664     4767.02
1.29852     5363.43
1.34041     5936.07
1.3823     6461.55
1.42419     6916.52
1.46608     7279.45
1.50796     7532.31
1.54985     7662.14
1.59174     7662.13
1.63363     7532.31
1.67552     7279.45
1.7174     6916.52
1.75929     6461.55
1.80118     5936.07
1.84307     5363.43
1.88496     4767.02
1.92684     4168.76
1.96873     3587.79
2.01062     3039.69
2.05251     2535.96
2.0944     2084.08
2.13628     1687.71
2.17817     1347.29
2.22006     1060.68
2.26195     823.882
2.30383     631.677
2.34572     478.29
2.38761     357.831
2.4295     264.659
2.47139     193.627
2.51327     140.206
2.55516     100.546
2.59705     71.458
2.63894     50.3665
2.68083     35.2387
2.72271     24.5005
2.7646     16.9561
2.80649     11.7137
2.84838     8.11929
2.89027     5.70325
2.93215     4.13753
2.97404     3.20271
3.01593     2.76532
3.05782     2.76366
3.0997     3.20187
3.14159     4.15277
3.18348     5.76982
3.22537     8.31039
3.26726     12.1729
3.30914     17.9522
3.35103     26.5186
3.39292     39.1275
3.43481     57.5683
3.4767     84.3643
3.51858     123.029
3.56047     178.393
3.60236     257.014
3.64425     367.65
3.68614     521.817
3.72802     734.38
3.76991     1024.16
3.8118     1414.45
3.85369     1933.4
3.89557     2614.08
3.93746     3494.11
3.97935     4614.69
4.02124     6018.85
4.06313     7748.85
4.10501     9842.69
4.1469     12329.6
4.18879     15225.3
4.23068     18526.6
4.27257     22206.5
4.31445     26210.8
4.35634     30455
4.39823     34825.6
4.44012     39182.7
4.48201     43366.1
4.52389     47205
4.56578     50528.9
4.60767     53180.2
4.64956     55027.5
4.69145     55976
4.73333     55975.9
4.77522     55027.5
4.81711     53180.2
4.859     50528.9
4.90088     47205
4.94277     43366.1
4.98466     39182.7
5.02655     34825.6
5.06844     30455
5.11032     26210.7
5.15221     22206.5
5.1941     18526.6
5.23599     15225.3
5.27788     12329.6
5.31976     9842.68
5.36165     7748.82
5.40354     6018.91
5.44543     4614.75
5.48732     3494.18
5.5292     2614.16
5.57109     1933.49
5.61298     1414.56
5.65487     1024.3
5.69675     734.569
5.73864     522.071
5.78053     367.999
5.82242     257.499
5.86431     179.076
5.90619     123.996
5.94808     85.7503
5.98997     59.5684
6.03186     42.0325
6.07375     30.7632
6.11563     24.185
6.15752     21.3635
6.19941     21.9081
6.2413     25.94
6.28319     34.1254
