0     1
0.0418879     0.921964
0.0837758     0.699983
0.125664     0.368598
0.167552     -0.0204912
0.20944     -0.406331
0.251327     -0.728117
0.293215     -0.934696
0.335103     -0.992712
0.376991     -0.892125
0.418879     -0.64821
0.460767     -0.299518
0.502655     0.0978677
0.544543     0.479123
0.586431     0.781136
0.628319     0.95302
0.670206     0.964908
0.712094     0.813513
0.753982     0.523362
0.79587     0.143245
0.837758     -0.261625
0.879646     -0.620643
0.921534     -0.870156
0.963422     -0.965003
1.00531     -0.887056
1.0472     -0.649148
1.08909     -0.293398
1.13097     0.11592
1.17286     0.503833
1.21475     0.798465
1.25664     0.944547
1.29852     0.914102
1.34041     0.712119
1.3823     0.376039
1.42419     -0.0310553
1.46608     -0.43224
1.50796     -0.751386
1.54985     -0.927764
1.59174     -0.927767
1.63363     -0.751388
1.67552     -0.432243
1.7174     -0.0310604
1.75929     0.376035
1.80118     0.712118
1.84307     0.9141
1.88496     0.944547
1.92684     0.798467
1.96873     0.503835
2.01062     0.115923
2.05251     -0.293393
2.0944     -0.649144
2.13628     -0.887055
2.17817     -0.965002
2.22006     -0.870159
2.26195     -0.620644
2.30383     -0.261629
2.34572     0.14324
2.38761     0.523359
2.4295     0.813512
2.47139     0.964905
2.51327     0.95302
2.55516     0.781139
2.59705     0.479124
2.63894     0.0978713
2.68083     -0.299514
2.72271     -0.648206
2.7646     -0.892125
2.80649     -0.992709
2.84838     -0.934696
2.89027     -0.72812
2.93215     -0.406332
2.97404     -0.020495
3.01593     0.368593
3.05782     0.699978
3.0997     0.921961
3.14159     0.999999
3.18348     0.921964
3.22537     0.699985
3.26726     0.368599
3.30914     -0.0204872
3.35103     -0.406326
3.39292     -0.728113
3.43481     -0.934693
3.4767     -0.99271
3.51858     -0.892126
3.56047     -0.648212
3.60236     -0.299521
3.64425     0.0978636
3.68614     0.479118
3.72802     0.781132
3.76991     0.953017
3.8118     0.964906
3.85369     0.813516
3.89557     0.523365
3.93746     0.143247
3.97935     -0.261622
4.02124     -0.620638
4.06313     -0.870154
4.10501     -0.965002
4.1469     -0.887054
4.18879     -0.649149
4.23068     -0.293399
4.27257     0.115915
4.31445     0.503829
4.35634     0.798461
4.39823     0.944546
4.44012     0.914099
4.48201     0.712122
4.52389     0.376041
4.56578     -0.0310528
4.60767     -0.432237
4.64956     -0.751381
4.69145     -0.927764
4.73333     -0.927766
4.77522     -0.751389
4.81711     -0.432246
4.859     -0.0310631
4.90088     0.376031
4.94277     0.712114
4.98466     0.914098
5.02655     0.944548
5.06844     0.798466
5.11032     0.503838
5.15221     0.115925
5.1941     -0.293389
5.23599     -0.649141
5.27788     -0.887051
5.31976     -0.965001
5.36165     -0.870157
5.40354     -0.620647
5.44543     -0.261633
5.48732     0.143239
5.5292     0.523354
5.57109     0.813509
5.61298     0.964903
5.65487     0.95302
5.69675     0.781137
5.73864     0.479128
5.78053     0.097876
5.82242     -0.299511
5.86431     -0.648202
5.90619     -0.892122
5.94808     -0.992707
5.98997     -0.934697
6.03186     -0.728119
6.07375     -0.406336
6.11563     -0.0204996
6.15752     0.36859
6.19941     0.699975
6.2413     0.921958
6.28319     0.999997
