0     1
0.0418879     0.953638
0.0837758     0.818573
0.125664     0.606657
0.167552     0.336909
0.20944     0.0344303
0.251327     -0.271348
0.293215     -0.548898
0.335103     -0.767479
0.376991     -0.900451
0.418879     -0.92884
0.460767     -0.844665
0.502655     -0.65356
0.544543     -0.376002
0.586431     -0.0465608
0.628319     0.289269
0.670206     0.580741
0.712094     0.779606
0.753982     0.848914
0.79587     0.771308
0.837758     0.554901
0.879646     0.234894
0.921534     -0.130341
0.963422     -0.468926
1.00531     -0.709645
1.0472     -0.797951
1.08909     -0.710085
1.13097     -0.461379
1.17286     -0.105752
1.21475     0.274676
1.25664     0.58823
1.29852     0.756426
1.34041     0.734935
1.3823     0.526765
1.42419     0.18337
1.46608     -0.207434
1.50796     -0.544002
1.54985     -0.737904
1.59174     -0.737904
1.63363     -0.544004
1.67552     -0.207436
1.7174     0.183368
1.75929     0.526764
1.80118     0.734935
1.84307     0.756426
1.88496     0.588232
1.92684     0.274678
1.96873     -0.10575
2.01062     -0.461378
2.05251     -0.710084
2.0944     -0.79795
2.13628     -0.709645
2.17817     -0.468926
2.22006     -0.130343
2.26195     0.234892
2.30383     0.554899
2.34572     0.771307
2.38761     0.848913
2.4295     0.779607
2.47139     0.580741
2.51327     0.28927
2.55516     -0.0465588
2.59705     -0.375999
2.63894     -0.653558
2.68083     -0.844663
2.72271     -0.928839
2.7646     -0.900451
2.80649     -0.767478
2.84838     -0.5489
2.89027     -0.27135
2.93215     0.0344282
2.97404     0.33691
3.01593     0.606651
3.05782     0.818571
3.0997     0.953636
3.14159     0.999999
3.18348     0.953639
3.22537     0.818572
3.26726     0.606655
3.30914     0.336914
3.35103     0.034436
3.39292     -0.271349
3.43481     -0.548896
3.4767     -0.767475
3.51858     -0.90045
3.56047     -0.928839
3.60236     -0.844665
3.64425     -0.65356
3.68614     -0.376003
3.72802     -0.0465634
3.76991     0.289267
3.8118     0.580739
3.85369     0.779604
3.89557     0.848913
3.93746     0.771308
3.97935     0.5549
4.02124     0.234895
4.06313     -0.130339
4.10501     -0.468923
4.1469     -0.709643
4.18879     -0.79795
4.23068     -0.710086
4.27257     -0.461381
4.31445     -0.105755
4.35634     0.274675
4.39823     0.588228
4.44012     0.756424
4.48201     0.734935
4.52389     0.526765
4.56578     0.183372
4.60767     -0.207433
4.64956     -0.544
4.69145     -0.737901
4.73333     -0.737903
4.77522     -0.544004
4.81711     -0.207437
4.859     0.183366
4.90088     0.526762
4.94277     0.734932
4.98466     0.756426
5.02655     0.588232
5.06844     0.274679
5.11032     -0.105748
5.15221     -0.461376
5.1941     -0.710083
5.23599     -0.79795
5.27788     -0.709646
5.31976     -0.468927
5.36165     -0.130345
5.40354     0.23489
5.44543     0.554896
5.48732     0.771305
5.5292     0.848912
5.57109     0.779607
5.61298     0.580742
5.65487     0.289272
5.69675     -0.0465564
5.73864     -0.375997
5.78053     -0.653556
5.82242     -0.844661
5.86431     -0.928837
5.90619     -0.900451
5.94808     -0.767477
5.98997     -0.548901
6.03186     -0.271352
6.07375     0.0344258
6.11563     0.336907
6.15752     0.606649
6.19941     0.818568
6.2413     0.953634
6.28319     0.999997
