0     1
0.0418879     0.849171
0.0837758     0.441966
0.125664     -0.0989846
0.167552     -0.609647
0.20944     -0.933413
0.251327     -0.968806
0.293215     -0.702053
0.335103     -0.214034
0.376991     0.341993
0.418879     0.786726
0.460767     0.972233
0.502655     0.832533
0.544543     0.409942
0.586431     -0.154004
0.628319     -0.663056
0.670206     -0.933692
0.712094     -0.862932
0.753982     -0.47121
0.79587     0.0985512
0.837758     0.62958
0.879646     0.912782
0.921534     0.831106
0.963422     0.412081
1.00531     -0.176445
1.0472     -0.690398
1.08909     -0.910458
1.13097     -0.738215
1.17286     -0.244232
1.21475     0.357046
1.25664     0.798658
1.29852     0.880524
1.34041     0.562756
1.3823     -0.0120565
1.42419     -0.581059
1.46608     -0.88134
1.50796     -0.772767
1.54985     -0.304898
1.59174     0.304894
1.63363     0.772764
1.67552     0.881342
1.7174     0.581061
1.75929     0.0120617
1.80118     -0.562754
1.84307     -0.880522
1.88496     -0.798659
1.92684     -0.357049
1.96873     0.244227
2.01062     0.738214
2.05251     0.910458
2.0944     0.690401
2.13628     0.176448
2.17817     -0.412077
2.22006     -0.831104
2.26195     -0.912782
2.30383     -0.629582
2.34572     -0.0985546
2.38761     0.471206
2.4295     0.862929
2.47139     0.933691
2.51327     0.663059
2.55516     0.154007
2.59705     -0.409937
2.63894     -0.83253
2.68083     -0.97223
2.72271     -0.786728
2.7646     -0.341996
2.80649     0.214028
2.84838     0.702048
2.89027     0.968803
2.93215     0.933413
2.97404     0.60965
3.01593     0.098987
3.05782     -0.441958
3.0997     -0.849166
3.14159     -0.999999
3.18348     -0.849172
3.22537     -0.441967
3.26726     0.0989768
3.30914     0.609641
3.35103     0.933409
3.39292     0.968804
3.43481     0.702056
3.4767     0.214037
3.51858     -0.341987
3.56047     -0.786721
3.60236     -0.972231
3.64425     -0.832535
3.68614     -0.409945
3.72802     0.153997
3.76991     0.663051
3.8118     0.933689
3.85369     0.862931
3.89557     0.471213
3.93746     -0.098545
3.97935     -0.629575
4.02124     -0.91278
4.06313     -0.831106
4.10501     -0.412083
4.1469     0.176438
4.18879     0.690393
4.23068     0.910455
4.27257     0.738218
4.31445     0.244235
4.35634     -0.357041
4.39823     -0.798654
4.44012     -0.880522
4.48201     -0.56276
4.52389     0.0120526
4.56578     0.581055
4.60767     0.881339
4.64956     0.772767
4.69145     0.304901
4.73333     -0.304888
4.77522     -0.77276
4.81711     -0.88134
4.859     -0.581065
4.90088     -0.0120658
4.94277     0.562749
4.98466     0.880521
5.02655     0.798659
5.06844     0.357052
5.11032     -0.244222
5.15221     -0.738209
5.1941     -0.910455
5.23599     -0.690402
5.27788     -0.176452
5.31976     0.412071
5.36165     0.831099
5.40354     0.912779
5.44543     0.629585
5.48732     0.0985589
5.5292     -0.471201
5.57109     -0.862925
5.61298     -0.933689
5.65487     -0.663061
5.69675     -0.154012
5.73864     0.409932
5.78053     0.832526
5.82242     0.97223
5.86431     0.786729
5.90619     0.342
5.94808     -0.214023
5.98997     -0.702043
6.03186     -0.968799
6.07375     -0.933411
6.11563     -0.609652
6.15752     -0.0989914
6.19941     0.441953
6.2413     0.849162
6.28319     0.999996
