0     1
0.0418879     0.817186
0.0837758     0.335547
0.125664     -0.268835
0.167552     -0.774749
0.20944     -0.996651
0.251327     -0.852729
0.293215     -0.395327
0.335103     0.207633
0.376991     0.733847
0.418879     0.988407
0.460767     0.876189
0.502655     0.437967
0.544543     -0.16362
0.586431     -0.703812
0.628319     -0.979487
0.670206     -0.885891
0.712094     -0.457215
0.753982     0.144919
0.79587     0.691691
0.837758     0.973853
0.879646     0.882257
0.921534     0.450939
0.963422     -0.154525
1.00531     -0.699934
1.0472     -0.972947
1.08909     -0.866248
1.13097     -0.420545
1.17286     0.190121
1.21475     0.725867
1.25664     0.975221
1.29852     0.839051
1.34041     0.370594
1.3823     -0.244827
1.42419     -0.762929
1.46608     -0.977556
1.50796     -0.803039
1.54985     -0.308674
1.59174     0.308668
1.63363     0.803036
1.67552     0.977556
1.7174     0.762933
1.75929     0.244832
1.80118     -0.37059
1.84307     -0.839047
1.88496     -0.97522
1.92684     -0.725871
1.96873     -0.190126
2.01062     0.42054
2.05251     0.866245
2.0944     0.972948
2.13628     0.699938
2.17817     0.154531
2.22006     -0.450934
2.26195     -0.882253
2.30383     -0.973853
2.34572     -0.691694
2.38761     -0.144924
2.4295     0.45721
2.47139     0.885887
2.51327     0.979487
2.55516     0.703815
2.59705     0.163625
2.63894     -0.437961
2.68083     -0.876184
2.72271     -0.988408
2.7646     -0.733849
2.80649     -0.207636
2.84838     0.395321
2.89027     0.852725
2.93215     0.996651
2.97404     0.77475
3.01593     0.268839
3.05782     -0.335539
3.0997     -0.81718
3.14159     -0.999998
3.18348     -0.817187
3.22537     -0.33555
3.26726     0.268829
3.30914     0.774742
3.35103     0.996649
3.39292     0.852728
3.43481     0.395331
3.4767     -0.207626
3.51858     -0.733843
3.56047     -0.988406
3.60236     -0.876189
3.64425     -0.437971
3.68614     0.163616
3.72802     0.703806
3.76991     0.979484
3.8118     0.885892
3.85369     0.457219
3.89557     -0.144913
3.93746     -0.691685
3.97935     -0.97385
4.02124     -0.882258
4.06313     -0.450943
4.10501     0.15452
4.1469     0.699929
4.18879     0.972944
4.23068     0.866249
4.27257     0.420549
4.31445     -0.190115
4.35634     -0.725862
4.39823     -0.975217
4.44012     -0.839052
4.48201     -0.370599
4.52389     0.244821
4.56578     0.762924
4.60767     0.977553
4.64956     0.803041
4.69145     0.308678
4.73333     -0.308663
4.77522     -0.803031
4.81711     -0.977554
4.859     -0.762935
4.90088     -0.244837
4.94277     0.370584
4.98466     0.839043
5.02655     0.975219
5.06844     0.725873
5.11032     0.190131
5.15221     -0.420534
5.1941     -0.866241
5.23599     -0.972947
5.27788     -0.69994
5.31976     -0.154536
5.36165     0.450929
5.40354     0.88225
5.44543     0.973853
5.48732     0.691697
5.5292     0.144929
5.57109     -0.457204
5.61298     -0.885883
5.65487     -0.979485
5.69675     -0.703817
5.73864     -0.16363
5.78053     0.437955
5.82242     0.87618
5.86431     0.988405
5.90619     0.733851
5.94808     0.207641
5.98997     -0.395315
6.03186     -0.85272
6.07375     -0.996649
6.11563     -0.774751
6.15752     -0.268843
6.19941     0.335534
6.2413     0.817175
6.28319     0.999995
