0     1
0.0418879     1.00715
0.0837758     1.02862
0.125664     1.06455
0.167552     1.1151
0.20944     1.18049
0.251327     1.26095
0.293215     1.35669
0.335103     1.46781
0.376991     1.59432
0.418879     1.736
0.460767     1.89237
0.502655     2.06262
0.544543     2.24549
0.586431     2.43924
0.628319     2.64157
0.670206     2.84956
0.712094     3.05962
0.753982     3.26748
0.79587     3.46825
0.837758     3.6564
0.879646     3.82589
0.921534     3.97029
0.963422     4.08302
1.00531     4.1575
1.0472     4.1874
1.08909     4.16699
1.13097     4.09136
1.17286     3.95675
1.21475     3.7608
1.25664     3.50279
1.29852     3.1838
1.34041     2.8068
1.3823     2.37669
1.42419     1.90021
1.46608     1.38572
1.50796     0.843027
1.54985     0.282964
1.59174     -0.282965
1.63363     -0.843031
1.67552     -1.38573
1.7174     -1.90021
1.75929     -2.3767
1.80118     -2.80681
1.84307     -3.1838
1.88496     -3.50279
1.92684     -3.7608
1.96873     -3.95675
2.01062     -4.09136
2.05251     -4.16699
2.0944     -4.1874
2.13628     -4.15749
2.17817     -4.08302
2.22006     -3.97029
2.26195     -3.82587
2.30383     -3.65639
2.34572     -3.46825
2.38761     -3.26749
2.4295     -3.05962
2.47139     -2.84956
2.51327     -2.64157
2.55516     -2.43924
2.59705     -2.24548
2.63894     -2.06262
2.68083     -1.89237
2.72271     -1.736
2.7646     -1.59432
2.80649     -1.46781
2.84838     -1.35669
2.89027     -1.26095
2.93215     -1.18049
2.97404     -1.1151
3.01593     -1.06455
3.05782     -1.02862
3.0997     -1.00714
3.14159     -0.999998
3.18348     -1.00714
3.22537     -1.02862
3.26726     -1.06455
3.30914     -1.1151
3.35103     -1.18049
3.39292     -1.26095
3.43481     -1.35668
3.4767     -1.46781
3.51858     -1.59432
3.56047     -1.736
3.60236     -1.89237
3.64425     -2.06261
3.68614     -2.24548
3.72802     -2.43923
3.76991     -2.64156
3.8118     -2.84955
3.85369     -3.0596
3.89557     -3.26747
3.93746     -3.46824
3.97935     -3.65638
4.02124     -3.82586
4.06313     -3.97027
4.10501     -4.08301
4.1469     -4.15748
4.18879     -4.18739
4.23068     -4.16697
4.27257     -4.09134
4.31445     -3.95674
4.35634     -3.76079
4.39823     -3.50278
4.44012     -3.18379
4.48201     -2.80679
4.52389     -2.37669
4.56578     -1.9002
4.60767     -1.38572
4.64956     -0.843026
4.69145     -0.282962
4.73333     0.282966
4.77522     0.843026
4.81711     1.38572
4.859     1.9002
4.90088     2.37669
4.94277     2.80679
4.98466     3.18378
5.02655     3.50278
5.06844     3.76079
5.11032     3.95674
5.15221     4.09135
5.1941     4.16697
5.23599     4.18738
5.27788     4.15748
5.31976     4.08301
5.36165     3.97027
5.40354     3.82586
5.44543     3.65638
5.48732     3.46824
5.5292     3.26747
5.57109     3.0596
5.61298     2.84955
5.65487     2.64156
5.69675     2.43923
5.73864     2.24547
5.78053     2.06261
5.82242     1.89237
5.86431     1.73599
5.90619     1.59432
5.94808     1.46781
5.98997     1.35668
6.03186     1.26095
6.07375     1.18049
6.11563     1.11509
6.15752     1.06455
6.19941     1.02862
6.2413     1.00714
6.28319     0.999996
