0     1
0.0418879     1.06319
0.0837758     1.26041
0.125664     1.6153
0.167552     2.16964
0.20944     2.98714
0.251327     4.15858
0.293215     5.80877
0.335103     8.10499
0.376991     11.2668
0.418879     15.5767
0.460767     21.3904
0.502655     29.1461
0.544543     39.3691
0.586431     52.671
0.628319     69.7377
0.670206     91.304
0.712094     118.109
0.753982     150.833
0.79587     190.007
0.837758     235.907
0.879646     288.423
0.921534     346.931
0.963422     410.167
1.00531     476.134
1.0472     542.06
1.08909     604.43
1.13097     659.106
1.17286     701.569
1.21475     727.235
1.25664     731.87
1.29852     712.035
1.34041     665.534
1.3823     591.782
1.42419     492.054
1.46608     369.556
1.50796     229.29
1.54985     77.7222
1.59174     -77.7227
1.63363     -229.289
1.67552     -369.556
1.7174     -492.054
1.75929     -591.782
1.80118     -665.534
1.84307     -712.036
1.88496     -731.869
1.92684     -727.235
1.96873     -701.569
2.01062     -659.106
2.05251     -604.428
2.0944     -542.06
2.13628     -476.134
2.17817     -410.167
2.22006     -346.93
2.26195     -288.423
2.30383     -235.907
2.34572     -190.007
2.38761     -150.833
2.4295     -118.109
2.47139     -91.3041
2.51327     -69.7381
2.55516     -52.6715
2.59705     -39.3696
2.63894     -29.1467
2.68083     -21.3913
2.72271     -15.5778
2.7646     -11.2684
2.80649     -8.10706
2.84838     -5.81159
2.89027     -4.16249
2.93215     -2.99258
2.97404     -2.17727
3.01593     -1.62602
3.05782     -1.27557
3.0997     -1.08468
3.14159     -1.03053
3.18348     -1.10663
3.22537     -1.32221
3.26726     -1.7032
3.30914     -2.29451
3.35103     -3.1641
3.39292     -4.4086
3.43481     -6.16064
3.4767     -8.59786
3.51858     -11.9533
3.56047     -16.5267
3.60236     -22.6958
3.64425     -30.9252
3.68614     -41.7726
3.72802     -55.887
3.76991     -73.9958
3.8118     -96.8788
3.85369     -125.321
3.89557     -160.043
3.93746     -201.61
3.97935     -250.312
4.02124     -306.034
4.06313     -368.115
4.10501     -435.213
4.1469     -505.208
4.18879     -575.16
4.23068     -641.336
4.27257     -699.353
4.31445     -744.409
4.35634     -771.643
4.39823     -776.56
4.44012     -755.514
4.48201     -706.173
4.52389     -627.918
4.56578     -522.101
4.60767     -392.122
4.64956     -243.29
4.69145     -82.4683
4.73333     82.4682
4.77522     243.29
4.81711     392.122
4.859     522.101
4.90088     627.918
4.94277     706.173
4.98466     755.514
5.02655     776.56
5.06844     771.643
5.11032     744.408
5.15221     699.353
5.1941     641.337
5.23599     575.16
5.27788     505.208
5.31976     435.213
5.36165     368.115
5.40354     306.035
5.44543     250.312
5.48732     201.61
5.5292     160.044
5.57109     125.322
5.61298     96.8799
5.65487     73.9971
5.69675     55.8885
5.73864     41.7746
5.78053     30.9277
5.82242     22.699
5.86431     16.5311
5.90619     11.9592
5.94808     8.6058
5.98997     6.17154
6.03186     4.42367
6.07375     3.18508
6.11563     2.3239
6.15752     1.74454
6.19941     1.38066
6.2413     1.18947
6.28319     1.14822
