0     1
0.0418879     1.0473
0.0837758     1.19333
0.125664     1.45071
0.167552     1.84116
0.20944     2.39648
0.251327     3.15972
0.293215     4.18655
0.335103     5.54639
0.376991     7.32302
0.418879     9.61425
0.460767     12.53
0.502655     16.1878
0.544543     20.7058
0.586431     26.1912
0.628319     32.7251
0.670206     40.3426
0.712094     49.0098
0.753982     58.5981
0.79587     68.8594
0.837758     79.4072
0.879646     89.7053
0.921534     99.0729
0.963422     106.709
1.00531     111.741
1.0472     113.298
1.08909     110.602
1.13097     103.078
1.17286     90.4601
1.21475     72.8885
1.25664     50.9672
1.29852     25.7805
1.34041     -1.1536
1.3823     -27.99
1.42419     -52.7193
1.46608     -73.3675
1.50796     -88.2111
1.54985     -95.9726
1.59174     -95.9727
1.63363     -88.2111
1.67552     -73.3675
1.7174     -52.7192
1.75929     -27.99
1.80118     -1.15359
1.84307     25.7805
1.88496     50.9672
1.92684     72.8885
1.96873     90.46
2.01062     103.078
2.05251     110.602
2.0944     113.298
2.13628     111.741
2.17817     106.709
2.22006     99.0729
2.26195     89.7053
2.30383     79.4072
2.34572     68.8594
2.38761     58.598
2.4295     49.0098
2.47139     40.3426
2.51327     32.7251
2.55516     26.1912
2.59705     20.7059
2.63894     16.1879
2.68083     12.5301
2.72271     9.61437
2.7646     7.32316
2.80649     5.54657
2.84838     4.1868
2.89027     3.16004
2.93215     2.3969
2.97404     1.84173
3.01593     1.45146
3.05782     1.19434
3.0997     1.04867
3.14159     1.00186
3.18348     1.04981
3.22537     1.19674
3.26726     1.45534
3.30914     1.84744
3.35103     2.40495
3.39292     3.17113
3.43481     4.20185
3.4767     5.56679
3.51858     7.35006
3.56047     9.64986
3.60236     12.5764
3.64425     16.2479
3.68614     20.7826
3.72802     26.2885
3.76991     32.8466
3.8118     40.4925
3.85369     49.1918
3.89557     58.8156
3.93746     69.1152
3.97935     79.7022
4.02124     90.0386
4.06313     99.4409
4.10501     107.106
4.1469     112.157
4.18879     113.719
4.23068     111.013
4.27257     103.46
4.31445     90.7962
4.35634     73.1593
4.39823     51.1566
4.44012     25.8763
4.48201     -1.15786
4.52389     -28.0939
4.56578     -52.9151
4.60767     -73.64
4.64956     -88.5388
4.69145     -96.3292
4.73333     -96.3292
4.77522     -88.5388
4.81711     -73.6401
4.859     -52.915
4.90088     -28.0941
4.94277     -1.15792
4.98466     25.8762
5.02655     51.1565
5.06844     73.1592
5.11032     90.7961
5.15221     103.46
5.1941     111.013
5.23599     113.719
5.27788     112.156
5.31976     107.106
5.36165     99.441
5.40354     90.0386
5.44543     79.7022
5.48732     69.1153
5.5292     58.8157
5.57109     49.192
5.61298     40.4926
5.65487     32.8468
5.69675     26.2886
5.73864     20.7829
5.78053     16.2482
5.82242     12.5768
5.86431     9.65033
5.90619     7.35067
5.94808     5.56757
5.98997     4.20286
6.03186     3.17244
6.07375     2.40668
6.11563     1.84973
6.15752     1.4584
6.19941     1.20086
6.2413     1.05537
6.28319     1.00937
