0     0
0.0418879     0.04054
0.0837758     0.0733011
0.125664     0.0919837
0.167552     0.0929741
0.20944     0.0760443
0.251327     0.0444191
0.293215     0.00418559
0.335103     -0.0368572
0.376991     -0.0706895
0.418879     -0.0906336
0.460767     -0.0926826
0.502655     -0.0763346
0.544543     -0.0447489
0.586431     -0.00418107
0.628319     0.0372229
0.670206     0.0710423
0.712094     0.0902997
0.753982     0.0909274
0.79587     0.0726728
0.837758     0.0392279
0.879646     -0.00246579
0.921534     -0.0436269
0.963422     -0.0754736
1.00531     -0.0911145
1.0472     -0.0870775
1.08909     -0.0641298
1.13097     -0.0271818
1.17286     0.0157255
1.21475     0.0551568
1.25664     0.0823628
1.29852     0.0912466
1.34041     0.0797635
1.3823     0.0504245
1.42419     0.00977011
1.46608     -0.0330788
1.50796     -0.0684737
1.54985     -0.0884258
1.59174     -0.0884257
1.63363     -0.0684739
1.67552     -0.0330791
1.7174     0.00976974
1.75929     0.0504241
1.80118     0.0797633
1.84307     0.0912468
1.88496     0.0823628
1.92684     0.0551571
1.96873     0.0157257
2.01062     -0.0271815
2.05251     -0.0641294
2.0944     -0.0870774
2.13628     -0.0911146
2.17817     -0.0754737
2.22006     -0.0436273
2.26195     -0.00246603
2.30383     0.0392276
2.34572     0.0726725
2.38761     0.0909273
2.4295     0.0902998
2.47139     0.0710423
2.51327     0.0372233
2.55516     -0.00418058
2.59705     -0.0447486
2.63894     -0.0763343
2.68083     -0.0926822
2.72271     -0.0906335
2.7646     -0.0706898
2.80649     -0.0368575
2.84838     0.00418511
2.89027     0.0444188
2.93215     0.0760437
2.97404     0.092974
3.01593     0.0919836
3.05782     0.0733012
3.0997     0.0405403
3.14159     4.53447e-07
3.18348     -0.0405395
3.22537     -0.0733005
3.26726     -0.0919836
3.30914     -0.0929739
3.35103     -0.0760442
3.39292     -0.0444196
3.43481     -0.00418601
3.4767     0.0368567
3.51858     0.070689
3.56047     0.0906332
3.60236     0.0926825
3.64425     0.0763347
3.68614     0.0447494
3.72802     0.0041815
3.76991     -0.0372225
3.8118     -0.0710419
3.85369     -0.0902994
3.89557     -0.0909274
3.93746     -0.0726729
3.97935     -0.0392283
4.02124     0.00246536
4.06313     0.0436265
4.10501     0.0754732
4.1469     0.0911143
4.18879     0.0870774
4.23068     0.0641299
4.27257     0.0271822
4.31445     -0.015725
4.35634     -0.0551564
4.39823     -0.0823625
4.44012     -0.0912466
4.48201     -0.0797633
4.52389     -0.0504247
4.56578     -0.00977043
4.60767     0.0330783
4.64956     0.0684733
4.69145     0.0884255
4.73333     0.088426
4.77522     0.068474
4.81711     0.0330796
4.859     -0.00976945
4.90088     -0.0504236
4.94277     -0.079763
4.98466     -0.0912464
5.02655     -0.0823632
5.06844     -0.0551572
5.11032     -0.0157263
5.15221     0.0271811
5.1941     0.0641289
5.23599     0.0870773
5.27788     0.0911143
5.31976     0.0754739
5.36165     0.0436273
5.40354     0.00246665
5.44543     -0.0392271
5.48732     -0.072672
5.5292     -0.0909272
5.57109     -0.0902993
5.61298     -0.0710427
5.65487     -0.0372235
5.69675     0.00418017
5.73864     0.0447482
5.78053     0.0763337
5.82242     0.0926823
5.86431     0.0906332
5.90619     0.0706898
5.94808     0.036858
5.98997     -0.00418466
6.03186     -0.0444183
6.07375     -0.0760432
6.11563     -0.0929735
6.15752     -0.091984
6.19941     -0.0733012
6.2413     -0.0405407
6.28319     -9.0145e-07
