0     0
0.0418879     0.040991
0.0837758     0.0767239
0.125664     0.102547
0.167552     0.114974
0.20944     0.112149
0.251327     0.0941557
0.293215     0.0631375
0.335103     0.023167
0.376991     -0.0201637
0.418879     -0.0604129
0.460767     -0.0911927
0.502655     -0.107203
0.544543     -0.105242
0.586431     -0.0850083
0.628319     -0.049488
0.670206     -0.00476748
0.712094     0.0408219
0.753982     0.0781682
0.79587     0.0992395
0.837758     0.0989792
0.879646     0.0767713
0.921534     0.0370305
0.963422     -0.0113869
1.00531     -0.0569888
1.0472     -0.0883609
1.08909     -0.0971648
1.13097     -0.0806033
1.17286     -0.0425722
1.21475     0.00699493
1.25664     0.0545871
1.29852     0.0868089
1.34041     0.0942853
1.3823     0.0745852
1.42419     0.0331861
1.46608     -0.0179334
1.50796     -0.0637473
1.54985     -0.0906666
1.59174     -0.0906666
1.63363     -0.0637477
1.67552     -0.0179338
1.7174     0.0331858
1.75929     0.0745849
1.80118     0.0942855
1.84307     0.086809
1.88496     0.0545874
1.92684     0.00699534
1.96873     -0.0425719
2.01062     -0.080603
2.05251     -0.0971649
2.0944     -0.088361
2.13628     -0.0569892
2.17817     -0.0113871
2.22006     0.0370302
2.26195     0.0767709
2.30383     0.098979
2.34572     0.0992396
2.38761     0.0781684
2.4295     0.0408225
2.47139     -0.00476711
2.51327     -0.0494875
2.55516     -0.0850079
2.59705     -0.105242
2.63894     -0.107203
2.68083     -0.0911927
2.72271     -0.0604132
2.7646     -0.0201644
2.80649     0.0231665
2.84838     0.0631375
2.89027     0.094155
2.93215     0.112148
2.97404     0.114974
3.01593     0.102547
3.05782     0.0767238
3.0997     0.0409914
3.14159     5.89698e-07
3.18348     -0.0409902
3.22537     -0.0767235
3.26726     -0.102546
3.30914     -0.114974
3.35103     -0.112148
3.39292     -0.0941555
3.43481     -0.0631385
3.4767     -0.0231673
3.51858     0.0201633
3.56047     0.0604122
3.60236     0.0911924
3.64425     0.107203
3.68614     0.105242
3.72802     0.0850084
3.76991     0.0494884
3.8118     0.00476795
3.85369     -0.0408215
3.89557     -0.0781677
3.93746     -0.0992392
3.97935     -0.0989791
4.02124     -0.0767715
4.06313     -0.0370309
4.10501     0.0113864
4.1469     0.0569883
4.18879     0.0883606
4.23068     0.0971647
4.27257     0.0806034
4.31445     0.0425725
4.35634     -0.00699449
4.39823     -0.0545866
4.44012     -0.0868086
4.48201     -0.0942852
4.52389     -0.0745853
4.56578     -0.0331864
4.60767     0.0179329
4.64956     0.0637469
4.69145     0.0906663
4.73333     0.0906665
4.77522     0.0637479
4.81711     0.0179341
4.859     -0.0331853
4.90088     -0.0745845
4.94277     -0.0942853
4.98466     -0.086809
5.02655     -0.0545877
5.06844     -0.00699576
5.11032     0.0425714
5.15221     0.0806026
5.1941     0.0971647
5.23599     0.0883611
5.27788     0.0569895
5.31976     0.0113875
5.36165     -0.0370297
5.40354     -0.0767704
5.44543     -0.0989788
5.48732     -0.0992395
5.5292     -0.0781685
5.57109     -0.0408228
5.61298     0.00476663
5.65487     0.049487
5.69675     0.0850075
5.73864     0.105242
5.78053     0.107203
5.82242     0.0911928
5.86431     0.0604135
5.90619     0.0201649
5.94808     -0.023166
5.98997     -0.0631369
6.03186     -0.0941545
6.07375     -0.112148
6.11563     -0.114974
6.15752     -0.102547
6.19941     -0.0767241
6.2413     -0.0409918
6.28319     -1.0621e-06
