0     0
0.0418879     0.0397597
0.0837758     0.0675105
0.125664     0.0748135
0.167552     0.0593546
0.20944     0.0257259
0.251327     -0.0158288
0.293215     -0.0524224
0.335103     -0.0724547
0.376991     -0.0693215
0.418879     -0.0437288
0.460767     -0.00377412
0.502655     0.0374023
0.544543     0.0658192
0.586431     0.071434
0.628319     0.0518836
0.670206     0.013748
0.712094     -0.0293629
0.753982     -0.0614959
0.79587     -0.0702892
0.837758     -0.0519582
0.879646     -0.0132521
0.921534     0.0306984
0.963422     0.0621314
1.00531     0.0678964
1.0472     0.0452183
1.08909     0.00335274
1.13097     -0.0399132
1.17286     -0.0657323
1.21475     -0.0625316
1.25664     -0.0314573
1.29852     0.0137505
1.34041     0.0526887
1.3823     0.067522
1.42419     0.0512978
1.46608     0.0113743
1.50796     -0.0338141
1.54985     -0.063273
1.59174     -0.0632731
1.63363     -0.0338144
1.67552     0.011374
1.7174     0.0512975
1.75929     0.067522
1.80118     0.052689
1.84307     0.0137508
1.88496     -0.031457
1.92684     -0.0625314
1.96873     -0.0657321
2.01062     -0.0399135
2.05251     0.00335239
2.0944     0.0452179
2.13628     0.0678964
2.17817     0.0621314
2.22006     0.0306988
2.26195     -0.0132518
2.30383     -0.0519579
2.34572     -0.0702891
2.38761     -0.0614959
2.4295     -0.0293632
2.47139     0.0137477
2.51327     0.0518832
2.55516     0.0714337
2.59705     0.0658194
2.63894     0.0374026
2.68083     -0.00377366
2.72271     -0.0437283
2.7646     -0.0693213
2.80649     -0.0724546
2.84838     -0.0524227
2.89027     -0.0158293
2.93215     0.0257255
2.97404     0.0593541
3.01593     0.0748136
3.05782     0.0675104
3.0997     0.03976
3.14159     4.55899e-07
3.18348     -0.0397592
3.22537     -0.06751
3.26726     -0.0748135
3.30914     -0.0593546
3.35103     -0.0257263
3.39292     0.0158284
3.43481     0.0524219
3.4767     0.0724544
3.51858     0.0693214
3.56047     0.043729
3.60236     0.00377455
3.64425     -0.0374018
3.68614     -0.0658189
3.72802     -0.0714339
3.76991     -0.0518837
3.8118     -0.0137484
3.85369     0.0293624
3.89557     0.0614956
3.93746     0.0702891
3.97935     0.0519584
4.02124     0.0132525
4.06313     -0.030698
4.10501     -0.0621311
4.1469     -0.0678963
4.18879     -0.0452185
4.23068     -0.00335314
4.27257     0.0399127
4.31445     0.065732
4.35634     0.0625316
4.39823     0.0314575
4.44012     -0.0137501
4.48201     -0.0526884
4.52389     -0.0675218
4.56578     -0.0512979
4.60767     -0.0113747
4.64956     0.0338137
4.69145     0.0632727
4.73333     0.0632731
4.77522     0.0338147
4.81711     -0.0113736
4.859     -0.0512971
4.90088     -0.0675218
4.94277     -0.0526891
4.98466     -0.0137512
5.02655     0.0314565
5.06844     0.0625311
5.11032     0.0657321
5.15221     0.0399137
5.1941     -0.00335197
5.23599     -0.0452175
5.27788     -0.0678961
5.31976     -0.0621314
5.36165     -0.0306991
5.40354     0.0132513
5.44543     0.0519575
5.48732     0.0702889
5.5292     0.061496
5.57109     0.0293635
5.61298     -0.0137473
5.65487     -0.0518828
5.69675     -0.0714335
5.73864     -0.0658194
5.78053     -0.0374029
5.82242     0.00377322
5.86431     0.0437278
5.90619     0.069321
5.94808     0.0724545
5.98997     0.0524229
6.03186     0.0158297
6.07375     -0.025725
6.11563     -0.0593536
6.15752     -0.0748133
6.19941     -0.0675104
6.2413     -0.0397603
6.28319     -8.99958e-07
