0     0
0.0418879     0.0393027
0.0837758     0.0642325
0.125664     0.0656614
0.167552     0.0430495
0.20944     0.00466063
0.251327     -0.0354349
0.293215     -0.0624983
0.335103     -0.0665365
0.376991     -0.0460118
0.418879     -0.0084636
0.460767     0.0322178
0.502655     0.060903
0.544543     0.0668518
0.586431     0.0477694
0.628319     0.0107466
0.670206     -0.0303182
0.712094     -0.0599047
0.753982     -0.0667431
0.79587     -0.0481521
0.837758     -0.0111547
0.879646     0.0301138
0.921534     0.0597758
0.963422     0.0663319
1.00531     0.047168
1.0472     0.0096602
1.08909     -0.0316089
1.13097     -0.0604986
1.17286     -0.065639
1.21475     -0.0449505
1.25664     -0.00653548
1.29852     0.0344572
1.34041     0.0617979
1.3823     0.0646196
1.42419     0.0417699
1.46608     0.00230867
1.50796     -0.0380694
1.54985     -0.0632831
1.59174     -0.0632831
1.63363     -0.0380697
1.67552     0.00230833
1.7174     0.0417695
1.75929     0.0646196
1.80118     0.061798
1.84307     0.0344575
1.88496     -0.00653514
1.92684     -0.0449501
1.96873     -0.065639
2.01062     -0.0604987
2.05251     -0.0316091
2.0944     0.00965986
2.13628     0.0471676
2.17817     0.0663319
2.22006     0.0597759
2.26195     0.0301141
2.30383     -0.0111543
2.34572     -0.0481518
2.38761     -0.066743
2.4295     -0.0599048
2.47139     -0.0303185
2.51327     0.0107462
2.55516     0.047769
2.59705     0.0668518
2.63894     0.0609031
2.68083     0.0322181
2.72271     -0.00846325
2.7646     -0.0460114
2.80649     -0.0665364
2.84838     -0.0624983
2.89027     -0.0354352
2.93215     0.00466028
2.97404     0.0430491
3.01593     0.0656612
3.05782     0.0642323
3.0997     0.039303
3.14159     3.40928e-07
3.18348     -0.0393024
3.22537     -0.0642321
3.26726     -0.0656613
3.30914     -0.0430497
3.35103     -0.00466096
3.39292     0.0354346
3.43481     0.062498
3.4767     0.0665364
3.51858     0.0460119
3.56047     0.00846392
3.60236     -0.0322174
3.64425     -0.0609028
3.68614     -0.0668518
3.72802     -0.0477695
3.76991     -0.0107469
3.8118     0.0303179
3.85369     0.0599044
3.89557     0.066743
3.93746     0.0481523
3.97935     0.011155
4.02124     -0.0301135
4.06313     -0.0597755
4.10501     -0.0663318
4.1469     -0.0471681
4.18879     -0.00966051
4.23068     0.0316085
4.27257     0.0604983
4.31445     0.0656389
4.35634     0.0449506
4.39823     0.0065358
4.44012     -0.0344568
4.48201     -0.0617976
4.52389     -0.0646196
4.56578     -0.04177
4.60767     -0.002309
4.64956     0.038069
4.69145     0.0632828
4.73333     0.0632831
4.77522     0.0380699
4.81711     -0.002308
4.859     -0.0417692
4.90088     -0.0646194
4.94277     -0.061798
4.98466     -0.0344577
5.02655     0.0065348
5.06844     0.0449498
5.11032     0.0656388
5.15221     0.0604987
5.1941     0.0316093
5.23599     -0.00965951
5.27788     -0.0471673
5.31976     -0.0663317
5.36165     -0.0597759
5.40354     -0.0301143
5.44543     0.011154
5.48732     0.0481514
5.5292     0.0667429
5.57109     0.0599048
5.61298     0.0303187
5.65487     -0.0107459
5.69675     -0.0477687
5.73864     -0.0668516
5.78053     -0.0609031
5.82242     -0.0322183
5.86431     0.0084629
5.90619     0.046011
5.94808     0.0665362
5.98997     0.0624983
6.03186     0.0354354
6.07375     -0.00465994
6.11563     -0.0430488
6.15752     -0.0656609
6.19941     -0.0642322
6.2413     -0.0393032
6.28319     -6.78253e-07
