0     0
0.0418879     0.0430016
0.0837758     0.092883
0.125664     0.157535
0.167552     0.246989
0.20944     0.374784
0.251327     0.559708
0.293215     0.828052
0.335103     1.21657
0.376991     1.77624
0.418879     2.57703
0.460767     3.71374
0.502655     5.31309
0.544543     7.54151
0.586431     10.6139
0.628319     14.8023
0.670206     20.4434
0.712094     27.944
0.753982     37.7821
0.79587     50.5016
0.837758     66.6978
0.879646     86.9926
0.921534     111.997
0.963422     142.26
1.00531     178.204
1.0472     220.057
1.08909     267.771
1.13097     320.959
1.17286     378.833
1.21475     440.177
1.25664     503.347
1.29852     566.322
1.34041     626.787
1.3823     682.272
1.42419     730.312
1.46608     768.634
1.50796     795.333
1.54985     809.042
1.59174     809.041
1.63363     795.333
1.67552     768.634
1.7174     730.313
1.75929     682.272
1.80118     626.787
1.84307     566.322
1.88496     503.348
1.92684     440.177
1.96873     378.833
2.01062     320.959
2.05251     267.771
2.0944     220.057
2.13628     178.204
2.17817     142.26
2.22006     111.997
2.26195     86.993
2.30383     66.6981
2.34572     50.502
2.38761     37.7826
2.4295     27.9446
2.47139     20.4441
2.51327     14.8032
2.55516     10.6152
2.59705     7.54322
2.63894     5.31544
2.68083     3.71702
2.72271     2.58163
2.7646     1.78276
2.80649     1.22594
2.84838     0.841569
2.89027     0.579331
2.93215     0.403463
2.97404     0.289103
3.01593     0.219633
3.05782     0.18476
3.0997     0.179287
3.14159     0.202518
3.18348     0.258235
3.22537     0.355288
3.26726     0.508862
3.30914     0.742555
3.35103     1.09155
3.39292     1.60693
3.43481     2.36183
3.4767     3.45948
3.51858     5.04385
3.56047     7.3129
3.60236     10.5353
3.64425     15.0699
3.68614     21.389
3.72802     30.1017
3.76991     41.9793
3.8118     57.9769
3.85369     79.2481
3.89557     107.148
3.93746     143.22
3.97935     189.152
4.02124     246.706
4.06313     317.618
4.10501     403.441
4.1469     505.377
4.18879     624.069
4.23068     759.384
4.27257     910.222
4.31445     1074.35
4.35634     1248.32
4.39823     1427.47
4.44012     1606.06
4.48201     1777.53
4.52389     1934.89
4.56578     2071.12
4.60767     2179.8
4.64956     2255.52
4.69145     2294.4
4.73333     2294.4
4.77522     2255.52
4.81711     2179.8
4.859     2071.12
4.90088     1934.89
4.94277     1777.53
4.98466     1606.06
5.02655     1427.46
5.06844     1248.32
5.11032     1074.35
5.15221     910.222
5.1941     759.384
5.23599     624.068
5.27788     505.377
5.31976     403.441
5.36165     317.618
5.40354     246.707
5.44543     189.152
5.48732     143.22
5.5292     107.149
5.57109     79.2487
5.61298     57.9777
5.65487     41.9803
5.69675     30.103
5.73864     21.3908
5.78053     15.0724
5.82242     10.5387
5.86431     7.31768
5.90619     5.05061
5.94808     3.46922
5.98997     2.37587
6.03186     1.62729
6.07375     1.12133
6.11563     0.786297
6.15752     0.573343
6.19941     0.4507
6.2413     0.399765
6.28319     0.412829
