0     0
0.0418879     0.0420815
0.0837758     0.0853276
0.125664     0.130919
0.167552     0.18007
0.20944     0.234039
0.251327     0.294142
0.293215     0.361762
0.335103     0.43835
0.376991     0.525423
0.418879     0.624557
0.460767     0.737371
0.502655     0.865501
0.544543     1.01056
0.586431     1.17408
0.628319     1.35749
0.670206     1.56204
0.712094     1.78868
0.753982     2.03805
0.79587     2.31032
0.837758     2.60516
0.879646     2.92164
0.921534     3.25814
0.963422     3.61228
1.00531     3.98097
1.0472     4.36031
1.08909     4.74563
1.13097     5.13158
1.17286     5.51225
1.21475     5.88122
1.25664     6.23181
1.29852     6.55727
1.34041     6.85096
1.3823     7.10663
1.42419     7.31863
1.46608     7.48214
1.50796     7.59334
1.54985     7.64962
1.59174     7.64962
1.63363     7.59334
1.67552     7.48214
1.7174     7.31863
1.75929     7.10663
1.80118     6.85095
1.84307     6.55726
1.88496     6.23181
1.92684     5.88122
1.96873     5.51225
2.01062     5.13159
2.05251     4.74563
2.0944     4.3603
2.13628     3.98097
2.17817     3.61228
2.22006     3.25813
2.26195     2.92164
2.30383     2.60517
2.34572     2.31032
2.38761     2.03805
2.4295     1.78868
2.47139     1.56203
2.51327     1.35749
2.55516     1.17408
2.59705     1.01055
2.63894     0.865503
2.68083     0.737377
2.72271     0.624562
2.7646     0.525427
2.80649     0.438353
2.84838     0.361766
2.89027     0.294146
2.93215     0.234044
2.97404     0.180076
3.01593     0.130926
3.05782     0.0853347
3.0997     0.0420897
3.14159     9.56297e-06
3.18348     -0.0420703
3.22537     -0.0853144
3.26726     -0.130904
3.30914     -0.180052
3.35103     -0.234017
3.39292     -0.294117
3.43481     -0.361733
3.4767     -0.438316
3.51858     -0.525383
3.56047     -0.624512
3.60236     -0.737318
3.64425     -0.865435
3.68614     -1.01047
3.72802     -1.17399
3.76991     -1.35739
3.8118     -1.56193
3.85369     -1.78855
3.89557     -2.0379
3.93746     -2.31015
3.97935     -2.60497
4.02124     -2.92143
4.06313     -3.25789
4.10501     -3.61202
4.1469     -3.98069
4.18879     -4.35999
4.23068     -4.74528
4.27257     -5.13121
4.31445     -5.51185
4.35634     -5.88079
4.39823     -6.23136
4.44012     -6.55679
4.48201     -6.85046
4.52389     -7.10611
4.56578     -7.3181
4.60767     -7.48159
4.64956     -7.59279
4.69145     -7.64906
4.73333     -7.64906
4.77522     -7.59279
4.81711     -7.48159
4.859     -7.3181
4.90088     -7.10611
4.94277     -6.85046
4.98466     -6.55679
5.02655     -6.23136
5.06844     -5.88079
5.11032     -5.51185
5.15221     -5.13121
5.1941     -4.74528
5.23599     -4.35999
5.27788     -3.98069
5.31976     -3.61202
5.36165     -3.25789
5.40354     -2.92143
5.44543     -2.60498
5.48732     -2.31015
5.5292     -2.0379
5.57109     -1.78855
5.61298     -1.56193
5.65487     -1.35739
5.69675     -1.17399
5.73864     -1.01048
5.78053     -0.865442
5.82242     -0.737325
5.86431     -0.624519
5.90619     -0.525392
5.94808     -0.438325
5.98997     -0.361744
6.03186     -0.29413
6.07375     -0.234032
6.11563     -0.180069
6.15752     -0.130924
6.19941     -0.0853377
6.2413     -0.0420975
6.28319     -2.24655e-05
