0     0
0.0418879     0.0419846
0.0837758     0.084548
0.125664     0.128261
0.167552     0.17368
0.20944     0.221334
0.251327     0.271715
0.293215     0.325269
0.335103     0.38237
0.376991     0.443312
0.418879     0.508281
0.460767     0.577332
0.502655     0.650365
0.544543     0.7271
0.586431     0.807047
0.628319     0.889488
0.670206     0.973453
0.712094     1.05771
0.753982     1.14076
0.79587     1.22084
0.837758     1.29597
0.879646     1.36393
0.921534     1.42238
0.963422     1.46887
1.00531     1.50096
1.0472     1.51634
1.08909     1.51286
1.13097     1.48869
1.17286     1.44243
1.21475     1.3732
1.25664     1.28073
1.29852     1.16542
1.34041     1.02838
1.3823     0.871457
1.42419     0.697154
1.46608     0.508619
1.50796     0.309515
1.54985     0.103903
1.59174     -0.103906
1.63363     -0.309518
1.67552     -0.508623
1.7174     -0.697158
1.75929     -0.871459
1.80118     -1.02839
1.84307     -1.16542
1.88496     -1.28073
1.92684     -1.3732
1.96873     -1.44243
2.01062     -1.48869
2.05251     -1.51286
2.0944     -1.51634
2.13628     -1.50096
2.17817     -1.46886
2.22006     -1.42237
2.26195     -1.36392
2.30383     -1.29597
2.34572     -1.22084
2.38761     -1.14076
2.4295     -1.05771
2.47139     -0.973451
2.51327     -0.889486
2.55516     -0.807045
2.59705     -0.727097
2.63894     -0.650362
2.68083     -0.577329
2.72271     -0.508278
2.7646     -0.44331
2.80649     -0.382367
2.84838     -0.325265
2.89027     -0.271712
2.93215     -0.22133
2.97404     -0.173676
3.01593     -0.128257
3.05782     -0.0845429
3.0997     -0.041979
3.14159     6.29448e-06
3.18348     0.0419916
3.22537     0.0845558
3.26726     0.12827
3.30914     0.17369
3.35103     0.221345
3.39292     0.271728
3.43481     0.325282
3.4767     0.382386
3.51858     0.443329
3.56047     0.5083
3.60236     0.577352
3.64425     0.650388
3.68614     0.727126
3.72802     0.807075
3.76991     0.889519
3.8118     0.973486
3.85369     1.05775
3.89557     1.1408
3.93746     1.22088
3.97935     1.29601
4.02124     1.36397
4.06313     1.42242
4.10501     1.46891
4.1469     1.50101
4.18879     1.51639
4.23068     1.51291
4.27257     1.48874
4.31445     1.44248
4.35634     1.37324
4.39823     1.28077
4.44012     1.16545
4.48201     1.02842
4.52389     0.871485
4.56578     0.697176
4.60767     0.508635
4.64956     0.309524
4.69145     0.103906
4.73333     -0.10391
4.77522     -0.309529
4.81711     -0.50864
4.859     -0.697181
4.90088     -0.871488
4.94277     -1.02842
4.98466     -1.16546
5.02655     -1.28077
5.06844     -1.37324
5.11032     -1.44248
5.15221     -1.48874
5.1941     -1.51291
5.23599     -1.51639
5.27788     -1.50101
5.31976     -1.46891
5.36165     -1.42241
5.40354     -1.36397
5.44543     -1.29601
5.48732     -1.22088
5.5292     -1.1408
5.57109     -1.05774
5.61298     -0.973481
5.65487     -0.889513
5.69675     -0.80707
5.73864     -0.727119
5.78053     -0.650382
5.82242     -0.577346
5.86431     -0.508293
5.90619     -0.443322
5.94808     -0.382378
5.98997     -0.325274
6.03186     -0.271719
6.07375     -0.221335
6.11563     -0.173679
6.15752     -0.128258
6.19941     -0.0845429
6.2413     -0.0419773
6.28319     9.75082e-06
