0     0
0.0418879     0.0427663
0.0837758     0.0909196
0.125664     0.150439
0.167552     0.228528
0.20944     0.334326
0.251327     0.47973
0.293215     0.680357
0.335103     0.956645
0.376991     1.3351
0.418879     1.84959
0.460767     2.54265
0.502655     3.46654
0.544543     4.6839
0.586431     6.26755
0.628319     8.29919
0.670206     10.8663
0.712094     14.0569
0.753982     17.9519
0.79587     22.6147
0.837758     28.0779
0.879646     34.3285
0.921534     41.2925
0.963422     48.819
1.00531     56.6707
1.0472     64.5174
1.08909     71.9407
1.13097     78.4487
1.17286     83.5028
1.21475     86.5577
1.25664     87.1093
1.29852     84.7485
1.34041     79.2139
1.3823     70.4357
1.42419     58.5658
1.46608     43.9856
1.50796     27.2907
1.54985     9.25075
1.59174     -9.25076
1.63363     -27.2907
1.67552     -43.9856
1.7174     -58.5658
1.75929     -70.4357
1.80118     -79.2139
1.84307     -84.7486
1.88496     -87.1094
1.92684     -86.5576
1.96873     -83.5027
2.01062     -78.4486
2.05251     -71.9407
2.0944     -64.5174
2.13628     -56.6707
2.17817     -48.819
2.22006     -41.2924
2.26195     -34.3285
2.30383     -28.0779
2.34572     -22.6147
2.38761     -17.9519
2.4295     -14.0569
2.47139     -10.8663
2.51327     -8.29924
2.55516     -6.2676
2.59705     -4.68396
2.63894     -3.46663
2.68083     -2.54276
2.72271     -1.84974
2.7646     -1.3353
2.80649     -0.95691
2.84838     -0.680717
2.89027     -0.480229
2.93215     -0.335022
2.97404     -0.2295
3.01593     -0.151808
3.05782     -0.0928549
3.0997     -0.0455101
3.14159     -0.00389712
3.18348     0.037222
3.22537     0.0830299
3.26726     0.139217
3.30914     0.212588
3.35103     0.311735
3.39292     0.447813
3.43481     0.635437
3.4767     0.89373
3.51858     1.24747
3.56047     1.72832
3.60236     2.37602
3.64425     3.23943
3.68614     4.37708
3.72802     5.85703
3.76991     7.75561
3.8118     10.1546
3.85369     13.1363
3.89557     16.7762
3.93746     21.1336
3.97935     26.239
4.02124     32.0803
4.06313     38.5881
4.10501     45.6217
4.1469     52.9592
4.18879     60.292
4.23068     67.2292
4.27257     73.311
4.31445     78.034
4.35634     80.8889
4.39823     81.4044
4.44012     79.1982
4.48201     74.026
4.52389     65.8228
4.56578     54.7302
4.60767     41.1049
4.64956     25.5034
4.69145     8.64492
4.73333     -8.64492
4.77522     -25.5034
4.81711     -41.105
4.859     -54.7302
4.90088     -65.8227
4.94277     -74.026
4.98466     -79.1983
5.02655     -81.4044
5.06844     -80.8888
5.11032     -78.034
5.15221     -73.3109
5.1941     -67.2292
5.23599     -60.292
5.27788     -52.9592
5.31976     -45.6217
5.36165     -38.5881
5.40354     -32.0803
5.44543     -26.239
5.48732     -21.1336
5.5292     -16.7762
5.57109     -13.1363
5.61298     -10.1547
5.65487     -7.75573
5.69675     -5.85717
5.73864     -4.37725
5.78053     -3.23965
5.82242     -2.37632
5.86431     -1.72871
5.90619     -1.248
5.94808     -0.894448
5.98997     -0.636421
6.03186     -0.449172
6.07375     -0.313628
6.11563     -0.215236
6.15752     -0.142946
6.19941     -0.0882994
6.2413     -0.0446914
6.28319     -0.00671451
