-1
-0.948717948718
-0.897435897436
-0.846153846154
-0.794871794872
-0.74358974359
-0.692307692308
-0.641025641026
-0.589743589744
-0.538461538462
-0.487179487179
-0.435897435897
-0.384615384615
-0.333333333333
-0.282051282051
-0.230769230769
-0.179487179487
-0.128205128205
-0.0769230769231
-0.025641025641
0.025641025641
0.0769230769231
0.128205128205
0.179487179487
0.230769230769
0.282051282051
0.333333333333
0.384615384615
0.435897435897
0.487179487179
0.538461538462
0.589743589744
0.641025641026
0.692307692308
0.74358974359
0.794871794872
0.846153846154
0.897435897436
0.948717948718
1
