    -1.000
     0.038
    -0.993
     4.328
    -0.987
     6.904
    -0.980
     8.215
    -0.973
     8.618
    -0.967
     8.394
    -0.960
     7.759
    -0.953
     6.881
    -0.946
     5.882
    -0.940
     4.852
    -0.933
     3.855
    -0.926
     2.932
    -0.920
     2.109
    -0.913
     1.400
    -0.906
     0.808
    -0.900
     0.330
    -0.893
    -0.040
    -0.886
    -0.313
    -0.880
    -0.502
    -0.873
    -0.617
    -0.866
    -0.673
    -0.860
    -0.681
    -0.853
    -0.652
    -0.846
    -0.596
    -0.839
    -0.522
    -0.833
    -0.437
    -0.826
    -0.347
    -0.819
    -0.258
    -0.813
    -0.173
    -0.806
    -0.094
    -0.799
    -0.024
    -0.793
     0.036
    -0.786
     0.085
    -0.779
     0.124
    -0.773
     0.153
    -0.766
     0.174
    -0.759
     0.185
    -0.753
     0.190
    -0.746
     0.189
    -0.739
     0.183
    -0.732
     0.173
    -0.726
     0.161
    -0.719
     0.147
    -0.712
     0.133
    -0.706
     0.118
    -0.699
     0.105
    -0.692
     0.092
    -0.686
     0.081
    -0.679
     0.072
    -0.672
     0.064
    -0.666
     0.059
    -0.659
     0.056
    -0.652
     0.054
    -0.645
     0.054
    -0.639
     0.056
    -0.632
     0.059
    -0.625
     0.064
    -0.619
     0.069
    -0.612
     0.075
    -0.605
     0.081
    -0.599
     0.088
    -0.592
     0.094
    -0.585
     0.101
    -0.579
     0.107
    -0.572
     0.113
    -0.565
     0.118
    -0.559
     0.123
    -0.552
     0.127
    -0.545
     0.131
    -0.538
     0.134
    -0.532
     0.137
    -0.525
     0.139
    -0.518
     0.141
    -0.512
     0.143
    -0.505
     0.144
    -0.498
     0.146
    -0.492
     0.147
    -0.485
     0.149
    -0.478
     0.150
    -0.472
     0.152
    -0.465
     0.154
    -0.458
     0.156
    -0.452
     0.159
    -0.445
     0.162
    -0.438
     0.166
    -0.431
     0.170
    -0.425
     0.174
    -0.418
     0.179
    -0.411
     0.185
    -0.405
     0.191
    -0.398
     0.197
    -0.391
     0.203
    -0.385
     0.210
    -0.378
     0.217
    -0.371
     0.224
    -0.365
     0.232
    -0.358
     0.240
    -0.351
     0.248
    -0.344
     0.256
    -0.338
     0.264
    -0.331
     0.272
    -0.324
     0.281
    -0.318
     0.289
    -0.311
     0.298
    -0.304
     0.306
    -0.298
     0.315
    -0.291
     0.325
    -0.284
     0.334
    -0.278
     0.344
    -0.271
     0.354
    -0.264
     0.364
    -0.258
     0.375
    -0.251
     0.387
    -0.244
     0.399
    -0.237
     0.411
    -0.231
     0.425
    -0.224
     0.439
    -0.217
     0.453
    -0.211
     0.469
    -0.204
     0.485
    -0.197
     0.502
    -0.191
     0.520
    -0.184
     0.538
    -0.177
     0.557
    -0.171
     0.577
    -0.164
     0.597
    -0.157
     0.618
    -0.151
     0.640
    -0.144
     0.662
    -0.137
     0.684
    -0.130
     0.706
    -0.124
     0.728
    -0.117
     0.751
    -0.110
     0.773
    -0.104
     0.795
    -0.097
     0.816
    -0.090
     0.837
    -0.084
     0.857
    -0.077
     0.876
    -0.070
     0.894
    -0.064
     0.911
    -0.057
     0.926
    -0.050
     0.940
    -0.043
     0.953
    -0.037
     0.964
    -0.030
     0.973
    -0.023
     0.981
    -0.017
     0.987
    -0.010
     0.991
    -0.003
     0.992
     0.003
     0.992
     0.010
     0.991
     0.017
     0.987
     0.023
     0.981
     0.030
     0.973
     0.037
     0.964
     0.043
     0.953
     0.050
     0.940
     0.057
     0.926
     0.064
     0.911
     0.070
     0.894
     0.077
     0.876
     0.084
     0.857
     0.090
     0.837
     0.097
     0.816
     0.104
     0.795
     0.110
     0.773
     0.117
     0.751
     0.124
     0.728
     0.130
     0.706
     0.137
     0.684
     0.144
     0.662
     0.151
     0.640
     0.157
     0.618
     0.164
     0.597
     0.171
     0.577
     0.177
     0.557
     0.184
     0.538
     0.191
     0.520
     0.197
     0.502
     0.204
     0.485
     0.211
     0.469
     0.217
     0.453
     0.224
     0.439
     0.231
     0.425
     0.237
     0.411
     0.244
     0.399
     0.251
     0.387
     0.258
     0.375
     0.264
     0.364
     0.271
     0.354
     0.278
     0.344
     0.284
     0.334
     0.291
     0.325
     0.298
     0.315
     0.304
     0.306
     0.311
     0.298
     0.318
     0.289
     0.324
     0.281
     0.331
     0.272
     0.338
     0.264
     0.344
     0.256
     0.351
     0.248
     0.358
     0.240
     0.365
     0.232
     0.371
     0.224
     0.378
     0.217
     0.385
     0.210
     0.391
     0.203
     0.398
     0.197
     0.405
     0.191
     0.411
     0.185
     0.418
     0.179
     0.425
     0.174
     0.431
     0.170
     0.438
     0.166
     0.445
     0.162
     0.452
     0.159
     0.458
     0.156
     0.465
     0.154
     0.472
     0.152
     0.478
     0.150
     0.485
     0.149
     0.492
     0.147
     0.498
     0.146
     0.505
     0.144
     0.512
     0.143
     0.518
     0.141
     0.525
     0.139
     0.532
     0.137
     0.538
     0.134
     0.545
     0.131
     0.552
     0.127
     0.559
     0.123
     0.565
     0.118
     0.572
     0.113
     0.579
     0.107
     0.585
     0.101
     0.592
     0.094
     0.599
     0.088
     0.605
     0.081
     0.612
     0.075
     0.619
     0.069
     0.625
     0.064
     0.632
     0.059
     0.639
     0.056
     0.645
     0.054
     0.652
     0.054
     0.659
     0.056
     0.666
     0.059
     0.672
     0.064
     0.679
     0.072
     0.686
     0.081
     0.692
     0.092
     0.699
     0.105
     0.706
     0.118
     0.712
     0.133
     0.719
     0.147
     0.726
     0.161
     0.732
     0.173
     0.739
     0.183
     0.746
     0.189
     0.753
     0.190
     0.759
     0.185
     0.766
     0.174
     0.773
     0.153
     0.779
     0.124
     0.786
     0.085
     0.793
     0.036
     0.799
    -0.024
     0.806
    -0.094
     0.813
    -0.173
     0.819
    -0.258
     0.826
    -0.347
     0.833
    -0.437
     0.839
    -0.522
     0.846
    -0.596
     0.853
    -0.652
     0.860
    -0.681
     0.866
    -0.673
     0.873
    -0.617
     0.880
    -0.502
     0.886
    -0.313
     0.893
    -0.040
     0.900
     0.330
     0.906
     0.808
     0.913
     1.400
     0.920
     2.109
     0.926
     2.932
     0.933
     3.855
     0.940
     4.852
     0.946
     5.882
     0.953
     6.881
     0.960
     7.759
     0.967
     8.394
     0.973
     8.618
     0.980
     8.215
     0.987
     6.904
     0.993
     4.328
     1.000
     0.038
