    -1.000
     0.038
    -0.993
     0.039
    -0.987
     0.040
    -0.980
     0.040
    -0.973
     0.041
    -0.967
     0.041
    -0.960
     0.042
    -0.953
     0.042
    -0.946
     0.043
    -0.940
     0.043
    -0.933
     0.044
    -0.926
     0.045
    -0.920
     0.045
    -0.913
     0.046
    -0.906
     0.046
    -0.900
     0.047
    -0.893
     0.048
    -0.886
     0.048
    -0.880
     0.049
    -0.873
     0.050
    -0.866
     0.051
    -0.860
     0.051
    -0.853
     0.052
    -0.846
     0.053
    -0.839
     0.054
    -0.833
     0.055
    -0.826
     0.055
    -0.819
     0.056
    -0.813
     0.057
    -0.806
     0.058
    -0.799
     0.059
    -0.793
     0.060
    -0.786
     0.061
    -0.779
     0.062
    -0.773
     0.063
    -0.766
     0.064
    -0.759
     0.065
    -0.753
     0.066
    -0.746
     0.067
    -0.739
     0.068
    -0.732
     0.069
    -0.726
     0.071
    -0.719
     0.072
    -0.712
     0.073
    -0.706
     0.074
    -0.699
     0.076
    -0.692
     0.077
    -0.686
     0.078
    -0.679
     0.080
    -0.672
     0.081
    -0.666
     0.083
    -0.659
     0.084
    -0.652
     0.086
    -0.645
     0.088
    -0.639
     0.089
    -0.632
     0.091
    -0.625
     0.093
    -0.619
     0.095
    -0.612
     0.096
    -0.605
     0.098
    -0.599
     0.100
    -0.592
     0.102
    -0.585
     0.105
    -0.579
     0.107
    -0.572
     0.109
    -0.565
     0.111
    -0.559
     0.114
    -0.552
     0.116
    -0.545
     0.119
    -0.538
     0.121
    -0.532
     0.124
    -0.525
     0.127
    -0.518
     0.130
    -0.512
     0.133
    -0.505
     0.136
    -0.498
     0.139
    -0.492
     0.142
    -0.485
     0.145
    -0.478
     0.149
    -0.472
     0.152
    -0.465
     0.156
    -0.458
     0.160
    -0.452
     0.164
    -0.445
     0.168
    -0.438
     0.172
    -0.431
     0.177
    -0.425
     0.181
    -0.418
     0.186
    -0.411
     0.191
    -0.405
     0.196
    -0.398
     0.202
    -0.391
     0.207
    -0.385
     0.213
    -0.378
     0.219
    -0.371
     0.225
    -0.365
     0.231
    -0.358
     0.238
    -0.351
     0.245
    -0.344
     0.252
    -0.338
     0.260
    -0.331
     0.267
    -0.324
     0.276
    -0.318
     0.284
    -0.311
     0.293
    -0.304
     0.302
    -0.298
     0.311
    -0.291
     0.321
    -0.284
     0.331
    -0.278
     0.341
    -0.271
     0.352
    -0.264
     0.364
    -0.258
     0.376
    -0.251
     0.388
    -0.244
     0.401
    -0.237
     0.414
    -0.231
     0.428
    -0.224
     0.443
    -0.217
     0.458
    -0.211
     0.473
    -0.204
     0.490
    -0.197
     0.507
    -0.191
     0.525
    -0.184
     0.543
    -0.177
     0.562
    -0.171
     0.581
    -0.164
     0.601
    -0.157
     0.621
    -0.151
     0.642
    -0.144
     0.662
    -0.137
     0.683
    -0.130
     0.704
    -0.124
     0.725
    -0.117
     0.746
    -0.110
     0.768
    -0.104
     0.789
    -0.097
     0.809
    -0.090
     0.830
    -0.084
     0.850
    -0.077
     0.869
    -0.070
     0.888
    -0.064
     0.906
    -0.057
     0.923
    -0.050
     0.938
    -0.043
     0.953
    -0.037
     0.965
    -0.030
     0.976
    -0.023
     0.985
    -0.017
     0.992
    -0.010
     0.997
    -0.003
     1.000
     0.003
     1.000
     0.010
     0.997
     0.017
     0.992
     0.023
     0.985
     0.030
     0.976
     0.037
     0.965
     0.043
     0.953
     0.050
     0.938
     0.057
     0.923
     0.064
     0.906
     0.070
     0.888
     0.077
     0.869
     0.084
     0.850
     0.090
     0.830
     0.097
     0.809
     0.104
     0.789
     0.110
     0.768
     0.117
     0.746
     0.124
     0.725
     0.130
     0.704
     0.137
     0.683
     0.144
     0.662
     0.151
     0.642
     0.157
     0.621
     0.164
     0.601
     0.171
     0.581
     0.177
     0.562
     0.184
     0.543
     0.191
     0.525
     0.197
     0.507
     0.204
     0.490
     0.211
     0.473
     0.217
     0.458
     0.224
     0.443
     0.231
     0.428
     0.237
     0.414
     0.244
     0.401
     0.251
     0.388
     0.258
     0.376
     0.264
     0.364
     0.271
     0.352
     0.278
     0.341
     0.284
     0.331
     0.291
     0.321
     0.298
     0.311
     0.304
     0.302
     0.311
     0.293
     0.318
     0.284
     0.324
     0.276
     0.331
     0.267
     0.338
     0.260
     0.344
     0.252
     0.351
     0.245
     0.358
     0.238
     0.365
     0.231
     0.371
     0.225
     0.378
     0.219
     0.385
     0.213
     0.391
     0.207
     0.398
     0.202
     0.405
     0.196
     0.411
     0.191
     0.418
     0.186
     0.425
     0.181
     0.431
     0.177
     0.438
     0.172
     0.445
     0.168
     0.452
     0.164
     0.458
     0.160
     0.465
     0.156
     0.472
     0.152
     0.478
     0.149
     0.485
     0.145
     0.492
     0.142
     0.498
     0.139
     0.505
     0.136
     0.512
     0.133
     0.518
     0.130
     0.525
     0.127
     0.532
     0.124
     0.538
     0.121
     0.545
     0.119
     0.552
     0.116
     0.559
     0.114
     0.565
     0.111
     0.572
     0.109
     0.579
     0.107
     0.585
     0.105
     0.592
     0.102
     0.599
     0.100
     0.605
     0.098
     0.612
     0.096
     0.619
     0.095
     0.625
     0.093
     0.632
     0.091
     0.639
     0.089
     0.645
     0.088
     0.652
     0.086
     0.659
     0.084
     0.666
     0.083
     0.672
     0.081
     0.679
     0.080
     0.686
     0.078
     0.692
     0.077
     0.699
     0.076
     0.706
     0.074
     0.712
     0.073
     0.719
     0.072
     0.726
     0.071
     0.732
     0.069
     0.739
     0.068
     0.746
     0.067
     0.753
     0.066
     0.759
     0.065
     0.766
     0.064
     0.773
     0.063
     0.779
     0.062
     0.786
     0.061
     0.793
     0.060
     0.799
     0.059
     0.806
     0.058
     0.813
     0.057
     0.819
     0.056
     0.826
     0.055
     0.833
     0.055
     0.839
     0.054
     0.846
     0.053
     0.853
     0.052
     0.860
     0.051
     0.866
     0.051
     0.873
     0.050
     0.880
     0.049
     0.886
     0.048
     0.893
     0.048
     0.900
     0.047
     0.906
     0.046
     0.913
     0.046
     0.920
     0.045
     0.926
     0.045
     0.933
     0.044
     0.940
     0.043
     0.946
     0.043
     0.953
     0.042
     0.960
     0.042
     0.967
     0.041
     0.973
     0.041
     0.980
     0.040
     0.987
     0.040
     0.993
     0.039
     1.000
     0.038
