    -1.000
     0.038
    -0.993
   -32.045
    -0.987
   -50.132
    -0.980
   -58.281
    -0.973
   -59.618
    -0.967
   -56.512
    -0.960
   -50.732
    -0.953
   -43.565
    -0.946
   -35.928
    -0.940
   -28.445
    -0.933
   -21.516
    -0.926
   -15.378
    -0.920
   -10.143
    -0.913
    -5.838
    -0.906
    -2.428
    -0.900
     0.158
    -0.893
     2.017
    -0.886
     3.254
    -0.880
     3.976
    -0.873
     4.287
    -0.866
     4.282
    -0.860
     4.047
    -0.853
     3.654
    -0.846
     3.165
    -0.839
     2.631
    -0.833
     2.089
    -0.826
     1.570
    -0.819
     1.095
    -0.813
     0.676
    -0.806
     0.321
    -0.799
     0.033
    -0.793
    -0.189
    -0.786
    -0.350
    -0.779
    -0.455
    -0.773
    -0.511
    -0.766
    -0.527
    -0.759
    -0.510
    -0.753
    -0.468
    -0.746
    -0.408
    -0.739
    -0.336
    -0.732
    -0.259
    -0.726
    -0.180
    -0.719
    -0.104
    -0.712
    -0.034
    -0.706
     0.029
    -0.699
     0.083
    -0.692
     0.127
    -0.686
     0.161
    -0.679
     0.186
    -0.672
     0.201
    -0.666
     0.209
    -0.659
     0.210
    -0.652
     0.205
    -0.645
     0.196
    -0.639
     0.183
    -0.632
     0.169
    -0.625
     0.153
    -0.619
     0.138
    -0.612
     0.123
    -0.605
     0.110
    -0.599
     0.098
    -0.592
     0.088
    -0.585
     0.081
    -0.579
     0.076
    -0.572
     0.074
    -0.565
     0.074
    -0.559
     0.076
    -0.552
     0.079
    -0.545
     0.085
    -0.538
     0.091
    -0.532
     0.099
    -0.525
     0.107
    -0.518
     0.115
    -0.512
     0.124
    -0.505
     0.132
    -0.498
     0.140
    -0.492
     0.147
    -0.485
     0.154
    -0.478
     0.161
    -0.472
     0.166
    -0.465
     0.171
    -0.458
     0.175
    -0.452
     0.179
    -0.445
     0.182
    -0.438
     0.185
    -0.431
     0.188
    -0.425
     0.190
    -0.418
     0.193
    -0.411
     0.195
    -0.405
     0.198
    -0.398
     0.201
    -0.391
     0.204
    -0.385
     0.208
    -0.378
     0.213
    -0.371
     0.218
    -0.365
     0.224
    -0.358
     0.230
    -0.351
     0.237
    -0.344
     0.245
    -0.338
     0.253
    -0.331
     0.262
    -0.324
     0.271
    -0.318
     0.280
    -0.311
     0.290
    -0.304
     0.301
    -0.298
     0.311
    -0.291
     0.322
    -0.284
     0.334
    -0.278
     0.345
    -0.271
     0.357
    -0.264
     0.369
    -0.258
     0.381
    -0.251
     0.394
    -0.244
     0.406
    -0.237
     0.419
    -0.231
     0.433
    -0.224
     0.446
    -0.217
     0.461
    -0.211
     0.475
    -0.204
     0.491
    -0.197
     0.506
    -0.191
     0.523
    -0.184
     0.540
    -0.177
     0.558
    -0.171
     0.576
    -0.164
     0.595
    -0.157
     0.615
    -0.151
     0.635
    -0.144
     0.656
    -0.137
     0.677
    -0.130
     0.699
    -0.124
     0.721
    -0.117
     0.743
    -0.110
     0.766
    -0.104
     0.788
    -0.097
     0.810
    -0.090
     0.831
    -0.084
     0.852
    -0.077
     0.872
    -0.070
     0.892
    -0.064
     0.910
    -0.057
     0.927
    -0.050
     0.942
    -0.043
     0.956
    -0.037
     0.968
    -0.030
     0.979
    -0.023
     0.987
    -0.017
     0.993
    -0.010
     0.998
    -0.003
     1.000
     0.003
     1.000
     0.010
     0.998
     0.017
     0.993
     0.023
     0.987
     0.030
     0.979
     0.037
     0.968
     0.043
     0.956
     0.050
     0.942
     0.057
     0.927
     0.064
     0.910
     0.070
     0.892
     0.077
     0.872
     0.084
     0.852
     0.090
     0.831
     0.097
     0.810
     0.104
     0.788
     0.110
     0.766
     0.117
     0.743
     0.124
     0.721
     0.130
     0.699
     0.137
     0.677
     0.144
     0.656
     0.151
     0.635
     0.157
     0.615
     0.164
     0.595
     0.171
     0.576
     0.177
     0.558
     0.184
     0.540
     0.191
     0.523
     0.197
     0.506
     0.204
     0.491
     0.211
     0.475
     0.217
     0.461
     0.224
     0.446
     0.231
     0.433
     0.237
     0.419
     0.244
     0.406
     0.251
     0.394
     0.258
     0.381
     0.264
     0.369
     0.271
     0.357
     0.278
     0.345
     0.284
     0.334
     0.291
     0.322
     0.298
     0.311
     0.304
     0.301
     0.311
     0.290
     0.318
     0.280
     0.324
     0.271
     0.331
     0.262
     0.338
     0.253
     0.344
     0.245
     0.351
     0.237
     0.358
     0.230
     0.365
     0.224
     0.371
     0.218
     0.378
     0.213
     0.385
     0.208
     0.391
     0.204
     0.398
     0.201
     0.405
     0.198
     0.411
     0.195
     0.418
     0.193
     0.425
     0.190
     0.431
     0.188
     0.438
     0.185
     0.445
     0.182
     0.452
     0.179
     0.458
     0.175
     0.465
     0.171
     0.472
     0.166
     0.478
     0.161
     0.485
     0.154
     0.492
     0.147
     0.498
     0.140
     0.505
     0.132
     0.512
     0.124
     0.518
     0.115
     0.525
     0.107
     0.532
     0.099
     0.538
     0.091
     0.545
     0.085
     0.552
     0.079
     0.559
     0.076
     0.565
     0.074
     0.572
     0.074
     0.579
     0.076
     0.585
     0.081
     0.592
     0.088
     0.599
     0.098
     0.605
     0.110
     0.612
     0.123
     0.619
     0.138
     0.625
     0.153
     0.632
     0.169
     0.639
     0.183
     0.645
     0.196
     0.652
     0.205
     0.659
     0.210
     0.666
     0.209
     0.672
     0.201
     0.679
     0.186
     0.686
     0.161
     0.692
     0.127
     0.699
     0.083
     0.706
     0.029
     0.712
    -0.034
     0.719
    -0.104
     0.726
    -0.180
     0.732
    -0.259
     0.739
    -0.336
     0.746
    -0.408
     0.753
    -0.468
     0.759
    -0.510
     0.766
    -0.527
     0.773
    -0.511
     0.779
    -0.455
     0.786
    -0.350
     0.793
    -0.189
     0.799
     0.033
     0.806
     0.321
     0.813
     0.676
     0.819
     1.095
     0.826
     1.570
     0.833
     2.089
     0.839
     2.631
     0.846
     3.165
     0.853
     3.654
     0.860
     4.047
     0.866
     4.282
     0.873
     4.287
     0.880
     3.976
     0.886
     3.254
     0.893
     2.017
     0.900
     0.158
     0.906
    -2.428
     0.913
    -5.838
     0.920
   -10.143
     0.926
   -15.378
     0.933
   -21.516
     0.940
   -28.445
     0.946
   -35.928
     0.953
   -43.565
     0.960
   -50.732
     0.967
   -56.512
     0.973
   -59.618
     0.980
   -58.281
     0.987
   -50.132
     0.993
   -32.045
     1.000
     0.038
