    -1.000
     0.038
    -0.993
     0.008
    -0.987
    -0.022
    -0.980
    -0.050
    -0.973
    -0.077
    -0.967
    -0.102
    -0.960
    -0.126
    -0.953
    -0.149
    -0.946
    -0.171
    -0.940
    -0.191
    -0.933
    -0.210
    -0.926
    -0.229
    -0.920
    -0.246
    -0.913
    -0.261
    -0.906
    -0.276
    -0.900
    -0.290
    -0.893
    -0.302
    -0.886
    -0.314
    -0.880
    -0.324
    -0.873
    -0.334
    -0.866
    -0.343
    -0.860
    -0.350
    -0.853
    -0.357
    -0.846
    -0.363
    -0.839
    -0.368
    -0.833
    -0.372
    -0.826
    -0.375
    -0.819
    -0.377
    -0.813
    -0.379
    -0.806
    -0.379
    -0.799
    -0.379
    -0.793
    -0.378
    -0.786
    -0.377
    -0.779
    -0.375
    -0.773
    -0.372
    -0.766
    -0.368
    -0.759
    -0.364
    -0.753
    -0.359
    -0.746
    -0.353
    -0.739
    -0.347
    -0.732
    -0.340
    -0.726
    -0.333
    -0.719
    -0.325
    -0.712
    -0.317
    -0.706
    -0.308
    -0.699
    -0.298
    -0.692
    -0.288
    -0.686
    -0.278
    -0.679
    -0.267
    -0.672
    -0.256
    -0.666
    -0.244
    -0.659
    -0.232
    -0.652
    -0.219
    -0.645
    -0.207
    -0.639
    -0.193
    -0.632
    -0.180
    -0.625
    -0.166
    -0.619
    -0.151
    -0.612
    -0.137
    -0.605
    -0.122
    -0.599
    -0.107
    -0.592
    -0.092
    -0.585
    -0.076
    -0.579
    -0.060
    -0.572
    -0.044
    -0.565
    -0.028
    -0.559
    -0.012
    -0.552
     0.005
    -0.545
     0.022
    -0.538
     0.039
    -0.532
     0.056
    -0.525
     0.073
    -0.518
     0.090
    -0.512
     0.107
    -0.505
     0.125
    -0.498
     0.142
    -0.492
     0.160
    -0.485
     0.177
    -0.478
     0.195
    -0.472
     0.213
    -0.465
     0.230
    -0.458
     0.248
    -0.452
     0.266
    -0.445
     0.284
    -0.438
     0.301
    -0.431
     0.319
    -0.425
     0.336
    -0.418
     0.354
    -0.411
     0.371
    -0.405
     0.388
    -0.398
     0.406
    -0.391
     0.423
    -0.385
     0.440
    -0.378
     0.457
    -0.371
     0.474
    -0.365
     0.490
    -0.358
     0.507
    -0.351
     0.523
    -0.344
     0.539
    -0.338
     0.555
    -0.331
     0.571
    -0.324
     0.587
    -0.318
     0.602
    -0.311
     0.617
    -0.304
     0.632
    -0.298
     0.647
    -0.291
     0.662
    -0.284
     0.676
    -0.278
     0.690
    -0.271
     0.704
    -0.264
     0.718
    -0.258
     0.731
    -0.251
     0.744
    -0.244
     0.757
    -0.237
     0.769
    -0.231
     0.782
    -0.224
     0.794
    -0.217
     0.805
    -0.211
     0.817
    -0.204
     0.828
    -0.197
     0.838
    -0.191
     0.849
    -0.184
     0.859
    -0.177
     0.869
    -0.171
     0.878
    -0.164
     0.888
    -0.157
     0.896
    -0.151
     0.905
    -0.144
     0.913
    -0.137
     0.921
    -0.130
     0.928
    -0.124
     0.935
    -0.117
     0.942
    -0.110
     0.948
    -0.104
     0.954
    -0.097
     0.960
    -0.090
     0.965
    -0.084
     0.970
    -0.077
     0.975
    -0.070
     0.979
    -0.064
     0.983
    -0.057
     0.986
    -0.050
     0.989
    -0.043
     0.992
    -0.037
     0.994
    -0.030
     0.996
    -0.023
     0.998
    -0.017
     0.999
    -0.010
     1.000
    -0.003
     1.000
     0.003
     1.000
     0.010
     1.000
     0.017
     0.999
     0.023
     0.998
     0.030
     0.996
     0.037
     0.994
     0.043
     0.992
     0.050
     0.989
     0.057
     0.986
     0.064
     0.983
     0.070
     0.979
     0.077
     0.975
     0.084
     0.970
     0.090
     0.965
     0.097
     0.960
     0.104
     0.954
     0.110
     0.948
     0.117
     0.942
     0.124
     0.935
     0.130
     0.928
     0.137
     0.921
     0.144
     0.913
     0.151
     0.905
     0.157
     0.896
     0.164
     0.888
     0.171
     0.878
     0.177
     0.869
     0.184
     0.859
     0.191
     0.849
     0.197
     0.838
     0.204
     0.828
     0.211
     0.817
     0.217
     0.805
     0.224
     0.794
     0.231
     0.782
     0.237
     0.769
     0.244
     0.757
     0.251
     0.744
     0.258
     0.731
     0.264
     0.718
     0.271
     0.704
     0.278
     0.690
     0.284
     0.676
     0.291
     0.662
     0.298
     0.647
     0.304
     0.632
     0.311
     0.617
     0.318
     0.602
     0.324
     0.587
     0.331
     0.571
     0.338
     0.555
     0.344
     0.539
     0.351
     0.523
     0.358
     0.507
     0.365
     0.490
     0.371
     0.474
     0.378
     0.457
     0.385
     0.440
     0.391
     0.423
     0.398
     0.406
     0.405
     0.388
     0.411
     0.371
     0.418
     0.354
     0.425
     0.336
     0.431
     0.319
     0.438
     0.301
     0.445
     0.284
     0.452
     0.266
     0.458
     0.248
     0.465
     0.230
     0.472
     0.213
     0.478
     0.195
     0.485
     0.177
     0.492
     0.160
     0.498
     0.142
     0.505
     0.125
     0.512
     0.107
     0.518
     0.090
     0.525
     0.073
     0.532
     0.056
     0.538
     0.039
     0.545
     0.022
     0.552
     0.005
     0.559
    -0.012
     0.565
    -0.028
     0.572
    -0.044
     0.579
    -0.060
     0.585
    -0.076
     0.592
    -0.092
     0.599
    -0.107
     0.605
    -0.122
     0.612
    -0.137
     0.619
    -0.151
     0.625
    -0.166
     0.632
    -0.180
     0.639
    -0.193
     0.645
    -0.207
     0.652
    -0.219
     0.659
    -0.232
     0.666
    -0.244
     0.672
    -0.256
     0.679
    -0.267
     0.686
    -0.278
     0.692
    -0.288
     0.699
    -0.298
     0.706
    -0.308
     0.712
    -0.317
     0.719
    -0.325
     0.726
    -0.333
     0.732
    -0.340
     0.739
    -0.347
     0.746
    -0.353
     0.753
    -0.359
     0.759
    -0.364
     0.766
    -0.368
     0.773
    -0.372
     0.779
    -0.375
     0.786
    -0.377
     0.793
    -0.378
     0.799
    -0.379
     0.806
    -0.379
     0.813
    -0.379
     0.819
    -0.377
     0.826
    -0.375
     0.833
    -0.372
     0.839
    -0.368
     0.846
    -0.363
     0.853
    -0.357
     0.860
    -0.350
     0.866
    -0.343
     0.873
    -0.334
     0.880
    -0.324
     0.886
    -0.314
     0.893
    -0.302
     0.900
    -0.290
     0.906
    -0.276
     0.913
    -0.261
     0.920
    -0.246
     0.926
    -0.229
     0.933
    -0.210
     0.940
    -0.191
     0.946
    -0.171
     0.953
    -0.149
     0.960
    -0.126
     0.967
    -0.102
     0.973
    -0.077
     0.980
    -0.050
     0.987
    -0.022
     0.993
     0.008
     1.000
     0.038
