    -1.000
     0.038
    -0.993
     0.039
    -0.987
     0.039
    -0.980
     0.040
    -0.973
     0.040
    -0.967
     0.041
    -0.960
     0.041
    -0.953
     0.042
    -0.946
     0.042
    -0.940
     0.043
    -0.933
     0.043
    -0.926
     0.044
    -0.920
     0.044
    -0.913
     0.045
    -0.906
     0.045
    -0.900
     0.046
    -0.893
     0.046
    -0.886
     0.047
    -0.880
     0.048
    -0.873
     0.048
    -0.866
     0.049
    -0.860
     0.050
    -0.853
     0.051
    -0.846
     0.051
    -0.839
     0.052
    -0.833
     0.053
    -0.826
     0.054
    -0.819
     0.055
    -0.813
     0.056
    -0.806
     0.057
    -0.799
     0.058
    -0.793
     0.059
    -0.786
     0.061
    -0.779
     0.062
    -0.773
     0.063
    -0.766
     0.064
    -0.759
     0.066
    -0.753
     0.067
    -0.746
     0.069
    -0.739
     0.070
    -0.732
     0.072
    -0.726
     0.073
    -0.719
     0.075
    -0.712
     0.076
    -0.706
     0.078
    -0.699
     0.080
    -0.692
     0.081
    -0.686
     0.083
    -0.679
     0.085
    -0.672
     0.086
    -0.666
     0.088
    -0.659
     0.090
    -0.652
     0.092
    -0.645
     0.093
    -0.639
     0.095
    -0.632
     0.097
    -0.625
     0.098
    -0.619
     0.100
    -0.612
     0.102
    -0.605
     0.103
    -0.599
     0.105
    -0.592
     0.107
    -0.585
     0.108
    -0.579
     0.110
    -0.572
     0.111
    -0.565
     0.113
    -0.559
     0.114
    -0.552
     0.115
    -0.545
     0.117
    -0.538
     0.118
    -0.532
     0.120
    -0.525
     0.121
    -0.518
     0.122
    -0.512
     0.124
    -0.505
     0.125
    -0.498
     0.127
    -0.492
     0.129
    -0.485
     0.131
    -0.478
     0.133
    -0.472
     0.136
    -0.465
     0.138
    -0.458
     0.141
    -0.452
     0.144
    -0.445
     0.147
    -0.438
     0.151
    -0.431
     0.155
    -0.425
     0.159
    -0.418
     0.164
    -0.411
     0.169
    -0.405
     0.175
    -0.398
     0.181
    -0.391
     0.187
    -0.385
     0.194
    -0.378
     0.201
    -0.371
     0.209
    -0.365
     0.218
    -0.358
     0.227
    -0.351
     0.236
    -0.344
     0.246
    -0.338
     0.257
    -0.331
     0.269
    -0.324
     0.281
    -0.318
     0.293
    -0.311
     0.306
    -0.304
     0.320
    -0.298
     0.334
    -0.291
     0.349
    -0.284
     0.364
    -0.278
     0.380
    -0.271
     0.395
    -0.264
     0.411
    -0.258
     0.428
    -0.251
     0.444
    -0.244
     0.461
    -0.237
     0.477
    -0.231
     0.494
    -0.224
     0.511
    -0.217
     0.528
    -0.211
     0.545
    -0.204
     0.562
    -0.197
     0.578
    -0.191
     0.595
    -0.184
     0.611
    -0.177
     0.627
    -0.171
     0.643
    -0.164
     0.658
    -0.157
     0.673
    -0.151
     0.688
    -0.144
     0.702
    -0.137
     0.716
    -0.130
     0.729
    -0.124
     0.742
    -0.117
     0.754
    -0.110
     0.765
    -0.104
     0.776
    -0.097
     0.786
    -0.090
     0.796
    -0.084
     0.804
    -0.077
     0.813
    -0.070
     0.820
    -0.064
     0.827
    -0.057
     0.833
    -0.050
     0.838
    -0.043
     0.843
    -0.037
     0.847
    -0.030
     0.850
    -0.023
     0.853
    -0.017
     0.855
    -0.010
     0.856
    -0.003
     0.857
     0.003
     0.857
     0.010
     0.856
     0.017
     0.855
     0.023
     0.853
     0.030
     0.850
     0.037
     0.847
     0.043
     0.843
     0.050
     0.838
     0.057
     0.833
     0.064
     0.827
     0.070
     0.820
     0.077
     0.813
     0.084
     0.804
     0.090
     0.796
     0.097
     0.786
     0.104
     0.776
     0.110
     0.765
     0.117
     0.754
     0.124
     0.742
     0.130
     0.729
     0.137
     0.716
     0.144
     0.702
     0.151
     0.688
     0.157
     0.673
     0.164
     0.658
     0.171
     0.643
     0.177
     0.627
     0.184
     0.611
     0.191
     0.595
     0.197
     0.578
     0.204
     0.562
     0.211
     0.545
     0.217
     0.528
     0.224
     0.511
     0.231
     0.494
     0.237
     0.477
     0.244
     0.461
     0.251
     0.444
     0.258
     0.428
     0.264
     0.411
     0.271
     0.395
     0.278
     0.380
     0.284
     0.364
     0.291
     0.349
     0.298
     0.334
     0.304
     0.320
     0.311
     0.306
     0.318
     0.293
     0.324
     0.281
     0.331
     0.269
     0.338
     0.257
     0.344
     0.246
     0.351
     0.236
     0.358
     0.227
     0.365
     0.218
     0.371
     0.209
     0.378
     0.201
     0.385
     0.194
     0.391
     0.187
     0.398
     0.181
     0.405
     0.175
     0.411
     0.169
     0.418
     0.164
     0.425
     0.159
     0.431
     0.155
     0.438
     0.151
     0.445
     0.147
     0.452
     0.144
     0.458
     0.141
     0.465
     0.138
     0.472
     0.136
     0.478
     0.133
     0.485
     0.131
     0.492
     0.129
     0.498
     0.127
     0.505
     0.125
     0.512
     0.124
     0.518
     0.122
     0.525
     0.121
     0.532
     0.120
     0.538
     0.118
     0.545
     0.117
     0.552
     0.115
     0.559
     0.114
     0.565
     0.113
     0.572
     0.111
     0.579
     0.110
     0.585
     0.108
     0.592
     0.107
     0.599
     0.105
     0.605
     0.103
     0.612
     0.102
     0.619
     0.100
     0.625
     0.098
     0.632
     0.097
     0.639
     0.095
     0.645
     0.093
     0.652
     0.092
     0.659
     0.090
     0.666
     0.088
     0.672
     0.086
     0.679
     0.085
     0.686
     0.083
     0.692
     0.081
     0.699
     0.080
     0.706
     0.078
     0.712
     0.076
     0.719
     0.075
     0.726
     0.073
     0.732
     0.072
     0.739
     0.070
     0.746
     0.069
     0.753
     0.067
     0.759
     0.066
     0.766
     0.064
     0.773
     0.063
     0.779
     0.062
     0.786
     0.061
     0.793
     0.059
     0.799
     0.058
     0.806
     0.057
     0.813
     0.056
     0.819
     0.055
     0.826
     0.054
     0.833
     0.053
     0.839
     0.052
     0.846
     0.051
     0.853
     0.051
     0.860
     0.050
     0.866
     0.049
     0.873
     0.048
     0.880
     0.048
     0.886
     0.047
     0.893
     0.046
     0.900
     0.046
     0.906
     0.045
     0.913
     0.045
     0.920
     0.044
     0.926
     0.044
     0.933
     0.043
     0.940
     0.043
     0.946
     0.042
     0.953
     0.042
     0.960
     0.041
     0.967
     0.041
     0.973
     0.040
     0.980
     0.040
     0.987
     0.039
     0.993
     0.039
     1.000
     0.038
