    -1.000
     0.038
    -0.993
     0.035
    -0.987
     0.032
    -0.980
     0.029
    -0.973
     0.026
    -0.967
     0.022
    -0.960
     0.019
    -0.953
     0.016
    -0.946
     0.013
    -0.940
     0.010
    -0.933
     0.007
    -0.926
     0.004
    -0.920
     0.001
    -0.913
    -0.002
    -0.906
    -0.005
    -0.900
    -0.007
    -0.893
    -0.010
    -0.886
    -0.012
    -0.880
    -0.015
    -0.873
    -0.017
    -0.866
    -0.020
    -0.860
    -0.022
    -0.853
    -0.024
    -0.846
    -0.026
    -0.839
    -0.028
    -0.833
    -0.030
    -0.826
    -0.031
    -0.819
    -0.033
    -0.813
    -0.034
    -0.806
    -0.035
    -0.799
    -0.036
    -0.793
    -0.037
    -0.786
    -0.038
    -0.779
    -0.039
    -0.773
    -0.039
    -0.766
    -0.040
    -0.759
    -0.040
    -0.753
    -0.040
    -0.746
    -0.040
    -0.739
    -0.039
    -0.732
    -0.039
    -0.726
    -0.038
    -0.719
    -0.037
    -0.712
    -0.036
    -0.706
    -0.034
    -0.699
    -0.033
    -0.692
    -0.031
    -0.686
    -0.029
    -0.679
    -0.026
    -0.672
    -0.024
    -0.666
    -0.021
    -0.659
    -0.018
    -0.652
    -0.015
    -0.645
    -0.011
    -0.639
    -0.007
    -0.632
    -0.003
    -0.625
     0.001
    -0.619
     0.005
    -0.612
     0.010
    -0.605
     0.015
    -0.599
     0.021
    -0.592
     0.027
    -0.585
     0.033
    -0.579
     0.039
    -0.572
     0.046
    -0.565
     0.053
    -0.559
     0.060
    -0.552
     0.068
    -0.545
     0.075
    -0.538
     0.084
    -0.532
     0.092
    -0.525
     0.101
    -0.518
     0.111
    -0.512
     0.120
    -0.505
     0.130
    -0.498
     0.141
    -0.492
     0.151
    -0.485
     0.162
    -0.478
     0.174
    -0.472
     0.186
    -0.465
     0.198
    -0.458
     0.210
    -0.452
     0.222
    -0.445
     0.235
    -0.438
     0.249
    -0.431
     0.262
    -0.425
     0.276
    -0.418
     0.289
    -0.411
     0.303
    -0.405
     0.318
    -0.398
     0.332
    -0.391
     0.346
    -0.385
     0.361
    -0.378
     0.376
    -0.371
     0.391
    -0.365
     0.406
    -0.358
     0.421
    -0.351
     0.436
    -0.344
     0.452
    -0.338
     0.467
    -0.331
     0.482
    -0.324
     0.498
    -0.318
     0.513
    -0.311
     0.529
    -0.304
     0.544
    -0.298
     0.559
    -0.291
     0.575
    -0.284
     0.590
    -0.278
     0.605
    -0.271
     0.620
    -0.264
     0.635
    -0.258
     0.650
    -0.251
     0.665
    -0.244
     0.679
    -0.237
     0.694
    -0.231
     0.708
    -0.224
     0.722
    -0.217
     0.736
    -0.211
     0.750
    -0.204
     0.764
    -0.197
     0.777
    -0.191
     0.790
    -0.184
     0.803
    -0.177
     0.815
    -0.171
     0.827
    -0.164
     0.839
    -0.157
     0.851
    -0.151
     0.862
    -0.144
     0.873
    -0.137
     0.884
    -0.130
     0.894
    -0.124
     0.904
    -0.117
     0.913
    -0.110
     0.922
    -0.104
     0.931
    -0.097
     0.939
    -0.090
     0.947
    -0.084
     0.954
    -0.077
     0.961
    -0.070
     0.967
    -0.064
     0.973
    -0.057
     0.978
    -0.050
     0.983
    -0.043
     0.987
    -0.037
     0.991
    -0.030
     0.994
    -0.023
     0.996
    -0.017
     0.998
    -0.010
     0.999
    -0.003
     1.000
     0.003
     1.000
     0.010
     0.999
     0.017
     0.998
     0.023
     0.996
     0.030
     0.994
     0.037
     0.991
     0.043
     0.987
     0.050
     0.983
     0.057
     0.978
     0.064
     0.973
     0.070
     0.967
     0.077
     0.961
     0.084
     0.954
     0.090
     0.947
     0.097
     0.939
     0.104
     0.931
     0.110
     0.922
     0.117
     0.913
     0.124
     0.904
     0.130
     0.894
     0.137
     0.884
     0.144
     0.873
     0.151
     0.862
     0.157
     0.851
     0.164
     0.839
     0.171
     0.827
     0.177
     0.815
     0.184
     0.803
     0.191
     0.790
     0.197
     0.777
     0.204
     0.764
     0.211
     0.750
     0.217
     0.736
     0.224
     0.722
     0.231
     0.708
     0.237
     0.694
     0.244
     0.679
     0.251
     0.665
     0.258
     0.650
     0.264
     0.635
     0.271
     0.620
     0.278
     0.605
     0.284
     0.590
     0.291
     0.575
     0.298
     0.559
     0.304
     0.544
     0.311
     0.529
     0.318
     0.513
     0.324
     0.498
     0.331
     0.482
     0.338
     0.467
     0.344
     0.452
     0.351
     0.436
     0.358
     0.421
     0.365
     0.406
     0.371
     0.391
     0.378
     0.376
     0.385
     0.361
     0.391
     0.346
     0.398
     0.332
     0.405
     0.318
     0.411
     0.303
     0.418
     0.289
     0.425
     0.276
     0.431
     0.262
     0.438
     0.249
     0.445
     0.235
     0.452
     0.222
     0.458
     0.210
     0.465
     0.198
     0.472
     0.186
     0.478
     0.174
     0.485
     0.162
     0.492
     0.151
     0.498
     0.141
     0.505
     0.130
     0.512
     0.120
     0.518
     0.111
     0.525
     0.101
     0.532
     0.092
     0.538
     0.084
     0.545
     0.075
     0.552
     0.068
     0.559
     0.060
     0.565
     0.053
     0.572
     0.046
     0.579
     0.039
     0.585
     0.033
     0.592
     0.027
     0.599
     0.021
     0.605
     0.015
     0.612
     0.010
     0.619
     0.005
     0.625
     0.001
     0.632
    -0.003
     0.639
    -0.007
     0.645
    -0.011
     0.652
    -0.015
     0.659
    -0.018
     0.666
    -0.021
     0.672
    -0.024
     0.679
    -0.026
     0.686
    -0.029
     0.692
    -0.031
     0.699
    -0.033
     0.706
    -0.034
     0.712
    -0.036
     0.719
    -0.037
     0.726
    -0.038
     0.732
    -0.039
     0.739
    -0.039
     0.746
    -0.040
     0.753
    -0.040
     0.759
    -0.040
     0.766
    -0.040
     0.773
    -0.039
     0.779
    -0.039
     0.786
    -0.038
     0.793
    -0.037
     0.799
    -0.036
     0.806
    -0.035
     0.813
    -0.034
     0.819
    -0.033
     0.826
    -0.031
     0.833
    -0.030
     0.839
    -0.028
     0.846
    -0.026
     0.853
    -0.024
     0.860
    -0.022
     0.866
    -0.020
     0.873
    -0.017
     0.880
    -0.015
     0.886
    -0.012
     0.893
    -0.010
     0.900
    -0.007
     0.906
    -0.005
     0.913
    -0.002
     0.920
     0.001
     0.926
     0.004
     0.933
     0.007
     0.940
     0.010
     0.946
     0.013
     0.953
     0.016
     0.960
     0.019
     0.967
     0.022
     0.973
     0.026
     0.980
     0.029
     0.987
     0.032
     0.993
     0.035
     1.000
     0.038
