    -1.000
     0.038
    -0.993
    -0.023
    -0.987
    -0.076
    -0.980
    -0.120
    -0.973
    -0.157
    -0.967
    -0.187
    -0.960
    -0.211
    -0.953
    -0.229
    -0.946
    -0.242
    -0.940
    -0.251
    -0.933
    -0.255
    -0.926
    -0.256
    -0.920
    -0.253
    -0.913
    -0.248
    -0.906
    -0.240
    -0.900
    -0.229
    -0.893
    -0.217
    -0.886
    -0.204
    -0.880
    -0.189
    -0.873
    -0.173
    -0.866
    -0.156
    -0.860
    -0.139
    -0.853
    -0.121
    -0.846
    -0.103
    -0.839
    -0.086
    -0.833
    -0.068
    -0.826
    -0.050
    -0.819
    -0.033
    -0.813
    -0.016
    -0.806
     0.000
    -0.799
     0.016
    -0.793
     0.031
    -0.786
     0.046
    -0.779
     0.059
    -0.773
     0.072
    -0.766
     0.084
    -0.759
     0.095
    -0.753
     0.105
    -0.746
     0.114
    -0.739
     0.122
    -0.732
     0.130
    -0.726
     0.136
    -0.719
     0.142
    -0.712
     0.147
    -0.706
     0.151
    -0.699
     0.154
    -0.692
     0.157
    -0.686
     0.159
    -0.679
     0.160
    -0.672
     0.160
    -0.666
     0.160
    -0.659
     0.160
    -0.652
     0.159
    -0.645
     0.157
    -0.639
     0.155
    -0.632
     0.153
    -0.625
     0.150
    -0.619
     0.147
    -0.612
     0.144
    -0.605
     0.140
    -0.599
     0.137
    -0.592
     0.133
    -0.585
     0.130
    -0.579
     0.126
    -0.572
     0.123
    -0.565
     0.119
    -0.559
     0.116
    -0.552
     0.113
    -0.545
     0.110
    -0.538
     0.108
    -0.532
     0.105
    -0.525
     0.103
    -0.518
     0.102
    -0.512
     0.101
    -0.505
     0.100
    -0.498
     0.099
    -0.492
     0.100
    -0.485
     0.100
    -0.478
     0.101
    -0.472
     0.103
    -0.465
     0.105
    -0.458
     0.108
    -0.452
     0.111
    -0.445
     0.115
    -0.438
     0.120
    -0.431
     0.125
    -0.425
     0.130
    -0.418
     0.137
    -0.411
     0.144
    -0.405
     0.151
    -0.398
     0.159
    -0.391
     0.168
    -0.385
     0.177
    -0.378
     0.187
    -0.371
     0.197
    -0.365
     0.208
    -0.358
     0.219
    -0.351
     0.231
    -0.344
     0.243
    -0.338
     0.256
    -0.331
     0.269
    -0.324
     0.283
    -0.318
     0.297
    -0.311
     0.311
    -0.304
     0.326
    -0.298
     0.341
    -0.291
     0.356
    -0.284
     0.372
    -0.278
     0.388
    -0.271
     0.404
    -0.264
     0.420
    -0.258
     0.436
    -0.251
     0.453
    -0.244
     0.469
    -0.237
     0.486
    -0.231
     0.502
    -0.224
     0.519
    -0.217
     0.535
    -0.211
     0.552
    -0.204
     0.568
    -0.197
     0.584
    -0.191
     0.600
    -0.184
     0.615
    -0.177
     0.631
    -0.171
     0.646
    -0.164
     0.661
    -0.157
     0.676
    -0.151
     0.690
    -0.144
     0.703
    -0.137
     0.717
    -0.130
     0.730
    -0.124
     0.742
    -0.117
     0.754
    -0.110
     0.765
    -0.104
     0.776
    -0.097
     0.787
    -0.090
     0.796
    -0.084
     0.805
    -0.077
     0.814
    -0.070
     0.822
    -0.064
     0.829
    -0.057
     0.835
    -0.050
     0.841
    -0.043
     0.846
    -0.037
     0.850
    -0.030
     0.854
    -0.023
     0.857
    -0.017
     0.859
    -0.010
     0.861
    -0.003
     0.861
     0.003
     0.861
     0.010
     0.861
     0.017
     0.859
     0.023
     0.857
     0.030
     0.854
     0.037
     0.850
     0.043
     0.846
     0.050
     0.841
     0.057
     0.835
     0.064
     0.829
     0.070
     0.822
     0.077
     0.814
     0.084
     0.805
     0.090
     0.796
     0.097
     0.787
     0.104
     0.776
     0.110
     0.765
     0.117
     0.754
     0.124
     0.742
     0.130
     0.730
     0.137
     0.717
     0.144
     0.703
     0.151
     0.690
     0.157
     0.676
     0.164
     0.661
     0.171
     0.646
     0.177
     0.631
     0.184
     0.615
     0.191
     0.600
     0.197
     0.584
     0.204
     0.568
     0.211
     0.552
     0.217
     0.535
     0.224
     0.519
     0.231
     0.502
     0.237
     0.486
     0.244
     0.469
     0.251
     0.453
     0.258
     0.436
     0.264
     0.420
     0.271
     0.404
     0.278
     0.388
     0.284
     0.372
     0.291
     0.356
     0.298
     0.341
     0.304
     0.326
     0.311
     0.311
     0.318
     0.297
     0.324
     0.283
     0.331
     0.269
     0.338
     0.256
     0.344
     0.243
     0.351
     0.231
     0.358
     0.219
     0.365
     0.208
     0.371
     0.197
     0.378
     0.187
     0.385
     0.177
     0.391
     0.168
     0.398
     0.159
     0.405
     0.151
     0.411
     0.144
     0.418
     0.137
     0.425
     0.130
     0.431
     0.125
     0.438
     0.120
     0.445
     0.115
     0.452
     0.111
     0.458
     0.108
     0.465
     0.105
     0.472
     0.103
     0.478
     0.101
     0.485
     0.100
     0.492
     0.100
     0.498
     0.099
     0.505
     0.100
     0.512
     0.101
     0.518
     0.102
     0.525
     0.103
     0.532
     0.105
     0.538
     0.108
     0.545
     0.110
     0.552
     0.113
     0.559
     0.116
     0.565
     0.119
     0.572
     0.123
     0.579
     0.126
     0.585
     0.130
     0.592
     0.133
     0.599
     0.137
     0.605
     0.140
     0.612
     0.144
     0.619
     0.147
     0.625
     0.150
     0.632
     0.153
     0.639
     0.155
     0.645
     0.157
     0.652
     0.159
     0.659
     0.160
     0.666
     0.160
     0.672
     0.160
     0.679
     0.160
     0.686
     0.159
     0.692
     0.157
     0.699
     0.154
     0.706
     0.151
     0.712
     0.147
     0.719
     0.142
     0.726
     0.136
     0.732
     0.130
     0.739
     0.122
     0.746
     0.114
     0.753
     0.105
     0.759
     0.095
     0.766
     0.084
     0.773
     0.072
     0.779
     0.059
     0.786
     0.046
     0.793
     0.031
     0.799
     0.016
     0.806
     0.000
     0.813
    -0.016
     0.819
    -0.033
     0.826
    -0.050
     0.833
    -0.068
     0.839
    -0.086
     0.846
    -0.103
     0.853
    -0.121
     0.860
    -0.139
     0.866
    -0.156
     0.873
    -0.173
     0.880
    -0.189
     0.886
    -0.204
     0.893
    -0.217
     0.900
    -0.229
     0.906
    -0.240
     0.913
    -0.248
     0.920
    -0.253
     0.926
    -0.256
     0.933
    -0.255
     0.940
    -0.251
     0.946
    -0.242
     0.953
    -0.229
     0.960
    -0.211
     0.967
    -0.187
     0.973
    -0.157
     0.980
    -0.120
     0.987
    -0.076
     0.993
    -0.023
     1.000
     0.038
