2.9738333801772061e+01
-1.3047276404925974e+01
8.2522250059115727e+00
1.2271974647432636e+01
5.4555791879449904e+00
-1.1794100748478977e+01
-1.2656164609178175e+01
-1.5402686857791602e+01
1.4373647161730634e+01
-9.9749178778804151e+00
-1.2617760575518519e+01
9.4999355234808713e-01
1.3977523712537444e+01
1.2969790977214172e+01
3.2882207799313341e+00
-1.8489898736646914e+01
-2.5205520807632538e+00
-3.6369472532150531e+00
-8.9978364598828549e+00
-2.2331911362839374e+01
1.4372660114022514e+01
8.4438159575204264e+00
4.0425213903874289e+00
-5.7229556506312189e+00
-9.9059232002586608e+00
-1.6459372229055944e+01
-4.4514383753875162e+00
-5.0323615281719665e+00
6.1776019925134955e+00
-1.0121129366256127e+00
-7.2423606788089563e+00
5.7849994137855720e+00
-2.2905229021848323e+00
9.4500411036307508e+00
-6.1760660179115847e+00
1.1652305117904275e+01
-9.7659435090927040e+00
-1.6495322526957601e+01
-7.8168417891827202e+00
2.4942807958167830e+00
-4.5158574733281949e+00
-3.7300526940029228e+00
1.0010137040998204e+01
-7.2168284772111884e+00
-7.0027904148725852e+00
1.4460574789321507e+01
2.9350123907632701e+00
5.2222672879536258e-01
2.7463339413724812e+00
1.0201930139251955e+01
-2.3824919315146044e+01
-3.1207583567064248e+00
2.3848313729348252e+01
-1.8311123245585293e+01
1.7268878094372717e+01
2.2903276154840707e+01
4.5095069297866761e+00
-2.8251887017458750e+00
1.4919545018873104e+00
6.3903166939635225e+00
-2.8132082713252675e+01
1.6911256221426181e+00
1.2051573868978320e+01
2.2789449667830219e+01
-1.5435726080700758e+00
1.1763404453969557e+01
-1.0739177845473913e+01
-1.5359173144703783e+01
-8.0349457976150518e+00
1.3201140042616567e+01
5.9775984508684283e+00
-1.2216388743119875e+01
1.3215840062310965e+01
7.3296975187893896e+00
-2.0316959577183106e+01
4.7548268487218763e-02
-3.0435667353447307e+01
1.2421988842794343e+01
-5.6784854870267445e+00
1.2098050754242204e+00
-3.1775408349706615e+00
1.6416566285942878e+01
6.2625665619564090e+00
-4.7328669516904744e+00
-5.4806800688074135e+00
1.6278913594598482e+01
5.9668559988677554e+00
-4.9228366732168753e+00
-8.4403252596847389e-01
-9.6458847230082672e+00
1.8362110120035535e+01
-1.7164505684588793e+01
2.6355005145653642e+01
1.4372972967053423e+01
-2.6763551932923761e+01
2.3843883225559367e+01
-3.8546828140832243e+00
-6.3028452351305262e+00
-9.1767140791422701e+00
1.1773025429090009e+00
2.3392531467430220e+00
3.5965248528153642e+00
-9.8712118083221245e+00
1.6046279353239850e+01
-1.5802478804061855e+00
5.5897291718590276e+00
-1.0671075673812664e+01
1.4333077748207915e+01
5.0950858347043093e+00
-5.5874760373291643e+00
7.3458166887526275e+00
2.0167302533665236e+01
-1.4002102138297882e+01
-3.0920472742290720e+01
3.0620937725691721e+00
-8.4595746836346049e+00
-5.3287230670368890e+00
-4.3025625024524530e+00
9.4395114340046256e+00
3.2243721574304844e+00
-3.0804802402922156e+00
-4.3944351231282033e+00
-4.5317206424440676e-01
5.3403808276054576e+00
6.6411767386898521e+00
-4.7339161307275814e+00
-1.3479040861430573e+01
-5.5488444217598900e+00
-7.2877575564267261e-01
1.0047110789361804e+01
-6.1199312240134578e+00
-3.7693782866947090e+00
-1.3354120360185934e+01
1.8495770802989508e+01
-6.2400826658082389e+00
-1.9612207192301639e+01
-1.8167168744710349e+01
8.2659590125644247e+00
9.9898289467894870e+00
2.7899791150934437e+01
3.8019564701614996e+00
5.7084995032875838e+00
-1.1802501484079531e+01
3.5526820484997699e+00
1.6732525377172707e+00
-3.7915587862684128e+00
-1.0575019033545949e+01
4.8116137521289524e+00
-4.9498989151024713e+00
-2.4479467941600270e+00
2.2186790289966609e+01
-5.5649825482142399e+00
1.2924834867877406e+01
-1.3606303967444489e+01
-2.1633184286338324e+01
6.9385075772054461e-01
1.4123026543810360e+01
1.5701348568715197e+00
7.4472315222042385e+00
1.5037215095150728e+01
-2.3130626240968645e+01
-2.3764977861773822e+01
9.0637815420940058e+00
-6.3879627255856775e-01
-3.1232508939539039e+00
-2.5494148418019872e+01
3.5550567892319438e+00
2.1451859389117040e+01
-5.6756328255581812e+00
1.4264802260851297e+01
1.7454132095195003e+01
-5.7868368736642752e+00
-5.1162720587396819e+00
-1.3895057294659647e+00
-1.5130382570505859e+01
-2.2199908421988866e+01
-9.4915259768941951e+00
-1.1570614799368366e+01
2.4663234445619397e+00
-6.3443841949090887e+00
3.3272596579066054e+01
-1.5534478024064093e+01
-8.0954789913614231e+00
-4.9783395710721612e+00
2.4712771569861570e+01
-8.6562889600927981e+00
-2.7629989001959121e-01
2.2944359599156918e+01
6.0819096296997746e+00
-1.5953157871042402e+01
-1.7081849957730210e+01
-2.0738203802659285e+00
-1.0054245290959861e+01
3.9677263920425636e+00
3.6373240775507454e+00
2.6072744521093931e+01
5.4179977879367618e+00
5.2630344425493316e+00
-1.4711909489386936e+00
4.2424733564843903e-01
9.5417813455783964e+00
-1.4218424656708443e+01
-3.1988972232724340e+00
-3.7543039239925569e+00
5.8653518771084705e-02
3.8474664083427714e+00
6.9217012795056192e+00
7.1451190337870045e+00
5.9457231254976346e+00
-1.3289746043374990e+01
1.6287748798744512e+00
-3.8849761557479852e+00
1.6360289915407975e+01
3.5687260054286085e+00
-6.6337602836718954e+00
1.1450679236941825e+01
5.8212151227021671e+00
2.1152699514870928e+01
2.7613454912122972e+01
1.0136542803091553e+01
-1.6944410888982585e+01
-2.1602832546093775e-01
7.6133355479379317e+00
-4.3153533235981021e+00
3.1205813177554941e+01
-9.2297546620502882e+00
1.4653120229163585e+01
1.5780422938654624e+01
-2.1179553905212345e-01
1.6271140181029669e+01
1.7311023589685011e+01
-4.3168810269867590e+00
-1.2275533103741143e+01
-8.9543768646446367e+00
-1.4182599999414990e+01
-2.8327691663580938e+00
3.3301261229964658e+00
1.0321235307791973e+01
-1.7470737864926697e+01
-1.5042763337952354e+00
-8.3264547509369962e+00
-1.9555130382860838e+01
-3.0145343013719534e+00
1.6701257103325208e+01
2.5000703336647723e-01
2.8269318204955926e+01
-1.2994149076984622e+01
-2.2697745667676447e+01
-1.7746479320322564e+01
-8.7545636825448661e+00
1.9623460053866236e+01
-1.4494370712906466e+01
-9.9413420287416159e+00
4.8439784495565510e+00
6.4171546093653564e+00
-1.1209977625667108e+01
-3.2841179383492909e+00
7.6354633013634432e+00
3.1745215923852732e+00
-1.3124462092721140e+01
-2.0203518264469658e+01
-6.6811675875862653e+00
3.0180885199112946e+00
1.0894528785775092e+01
-7.1503549101684429e+00
1.6113111324799265e+00
5.9477049039734986e-01
-3.8801310305196628e+00
-2.5962518117597604e+00
-1.2445678515478777e+01
6.4483188876371180e+00
-6.7680379707819069e+00
7.7538857751681904e+00
-8.5722120846083456e+00
-8.0005819943377787e+00
1.9653876704919775e+00
-1.4341646425983598e+01
-4.5643073187230190e+00
1.2243281862621080e+00
2.8308638705638067e-01
2.6295017334807572e+01
-2.9024483194990285e+01
-1.3796597116497233e+01
-1.8752588589256824e+01
1.4912343913713039e+01
-9.5646105180853702e+00
-3.5947488015457205e+00
-5.3026071645994390e+00
1.2650612882851700e-01
-1.4333123807076065e-01
1.8140742808909618e+01
1.3781355236239099e+00
-1.0664162363972308e+01
-1.3052977558011433e+01
1.0839204530042192e+01
-7.9140430252809173e+00
1.1149347460224972e+01
2.7793934261999091e+01
2.6367801665549045e+01
-2.2023077827278591e+01
-6.1118865441955261e+00
9.4972702932489805e-01
1.2710304607584026e+01
1.8254623146766459e+01
2.8479376273779106e-01
-1.2693830029608092e+01
-2.9674720099319511e+00
-9.6010538269535992e+00
1.4771553992260637e+01
1.3636783996484032e+00
1.6651754706290046e+01
-3.8626248202598634e+00
2.6601470632336163e+01
-6.4164373995869557e+00
1.3346565176661789e+01
-2.6902570681603351e+00
1.9415652382125348e+01
1.2201478882784892e+01
-6.0296160068705786e+00
2.9104082653745206e+01
4.2616417965938069e+00
-1.0101684339052795e+01
3.3028956209630373e+00
1.2384981178578316e+01
1.1349802175467774e+01
1.1217958874643299e+01
-5.1608572097716321e+00
-3.1219426886351545e+01
-1.3926289903586817e+01
-4.0034570432705374e+00
1.2605532764270380e+01
-1.2674039009702161e+01
2.4114721393191580e+01
-1.0949111200009797e+01
-9.6204773237339059e-01
2.8668283953508602e+01
-1.2024056696707188e+01
9.2427864439013536e+00
-1.4608219948288607e+01
-6.2188260144342831e+00
1.9842970285004160e+00
6.3119860772227350e+00
5.3884304249938229e+00
8.6357440484994665e+00
-1.7011542084232349e+01
2.4512356411367326e+00
-4.5827137956945165e+00
-2.1926291843493719e+00
2.2458397450989840e+00
4.1125706861326448e+00
1.7762087566460053e+01
1.0805357990072558e+01
-8.3367413094126963e+00
-6.6864467910896002e+00
1.8754985707402597e+01
-1.3782417802960591e+01
8.6021764653089239e+00
7.2354469929777530e+00
2.9741235791370291e+00
2.9238995277201680e+00
4.5002127639868537e+00
1.8153482295595225e+01
-1.2287309171172234e+00
-1.0859121245713943e+01
-9.4382229483091304e+00
2.1465930599556722e+00
2.3574332150372515e+00
1.2018992899729058e+01
9.3835765538030014e+00
3.8816259197904710e+00
-1.6010305598149138e+01
8.4124938149962691e+00
-1.4724876386708150e+01
1.6606011933026021e+01
-1.5964218804597255e+01
9.3713849270931906e+00
-1.6209511921763905e+01
2.5125565580175335e+00
-7.3778255526713652e+00
-9.3788202241516565e+00
-1.0393395132086154e+01
-1.2038304220186772e+01
-5.9330075288225874e+00
4.0691949233939184e+01
1.6186805457478590e+00
-1.5130023293924969e+01
7.5889720114203900e+00
-3.3702152816132336e+00
-1.2020880792067553e+01
-3.4920801494848308e+00
4.5090610881489539e+01
1.3856447442926312e+01
2.6799756379825464e+01
1.6339090460980739e+00
-9.1459347212651796e+00
1.2472282316303133e+01
-1.6282715830918420e+01
5.2533221004667299e+00
9.8966661093465336e-01
-1.0388240256154420e+01
-7.1599090433052766e+00
9.7855172977296832e+00
-6.5354097711678731e+00
-1.7323352680396198e+01
-2.7569865890490970e+00
1.7431015230534069e+01
-1.6106997133057291e+01
2.8862944046149991e-01
-5.7793036918550449e+00
-1.8811940557787041e+00
-4.9812078700589364e+00
1.2816602949429594e+01
-4.1710720131965964e+00
-1.9978597096338572e+01
-1.9217327125703932e+01
2.2036545635616811e+01
1.1427112732998783e+00
-4.9114932498358153e+00
8.9023958964650394e+00
7.2983020085001646e+00
4.7709516218128867e+00
-1.0858780859020667e+01
-1.3952480731668918e-01
-1.7894380020697700e+01
-1.1325156026384043e+01
-6.2892471687665141e+00
-1.1253539067318247e+01
9.2740999913378488e+00
-8.1973145454954643e+00
2.7004162085327444e+01
8.5312443462138141e+00
-1.3209078698394768e+01
1.0902091103563446e+01
-7.5848083956280412e+00
4.6508403563293870e+00
3.7343328154486914e+00
1.7900688057898375e+01
-1.1734881599814633e+01
1.0820115221187159e+01
2.1557114089193843e+00
5.0867104674108079e+00
-1.7300208842049322e+01
1.7578861771337533e+00
-2.9753435745391927e+00
1.2155422018906370e+01
-3.0200923091038340e-01
-6.3650167595355542e+00
-8.4953951095968137e+00
5.7866830996585419e+00
1.8578725557591540e+01
-1.6063322755731424e+01
-4.7967959868791503e+00
-5.9376865753138885e-01
-8.1280088775107053e+00
-5.3757923235907414e+00
-1.2043665400576721e+01
1.0636976789585750e+01
5.5068702343235980e+00
-1.9800276564052325e+01
1.7501023375961889e+01
-8.4989053280753932e+00
3.7629352413869417e+00
-1.2670356959473649e+01
9.9285861762469096e+00
-2.7217640120255657e+00
4.3830462901510536e+00
2.1224356514505995e+00
-1.3889567200725086e+01
2.0918472808254553e+01
-6.4980870813886469e+00
-5.1519944935729951e+00
-2.6015301196901710e+00
-1.1100191676237721e+01
5.2653489972893857e+00
6.2051809319325670e+00
7.3718304173675779e+00
1.5060235959099996e+01
-7.6488354323399965e-01
1.1476446449870348e+01
2.1811169799926613e+01
-4.1583073424177464e+00
-1.3423211634770876e+01
-7.0604501626999614e+00
1.0195205604667931e+01
1.8983339931709164e+01
1.2447667146947845e+01
-2.3557612309702211e+01
-9.4527391439145809e+00
1.1821188186039098e+00
1.2083893008866466e+01
-8.1768400951137501e+00
3.4856059031290720e+00
-8.2873693081962863e+00
-1.1285758153739641e+01
5.6596695165004061e+00
1.7779381459365840e+01
-5.9339447740065516e+00
2.3025013199440348e+01
4.5952890417625039e+00
-1.0250673552112158e+01
-6.0773932500406735e-01
-7.7219851217899320e+00
-5.0516877223809376e+00
9.9832799276732285e+00
5.6367765770683445e+00
-6.0650764778303525e+00
-6.9730219756195657e+00
-1.7930589327166050e+01
-5.3443718653485339e+00
-1.2856524056570077e+01
1.2320949263775047e+01
-1.5130987597136148e+01
-1.5784622207684764e+01
5.6254635646302633e+00
-4.9142783566689580e-01
6.2366259585080623e+00
3.3461912513478369e+00
-1.0995259802446103e+01
1.6128649370679657e+01
8.9220793398585236e+00
-2.3984980587120530e+00
2.2516294665104155e+01
-1.3293471478931926e+00
-6.4219643573672602e+00
1.3969091278965982e+01
6.1656413066415476e+00
1.6007642391835011e-01
-1.1549859146230586e+01
-2.0462116633101722e+01
5.5577410039510164e+00
2.3013771868757180e+00
1.9689123512126020e+01
1.2889789921115941e+01
-5.1827327596478137e+00
-3.3689955761882281e+01
7.8946920272830723e-01
1.2637771958247187e+01
1.2506673011252310e+01
-8.3363856389792108e+00
-7.2432880869058351e+00
-1.7703223837386886e+01
-3.7332051629393304e+00
-1.0831595257211011e-02
3.9369963823310492e+00
-1.2124672670924717e+01
1.3416334627246792e+01
1.5452473471680808e-01
8.6674581006278277e+00
-1.2889583140954537e+01
1.9241262506078769e+01
5.0680777068413656e+00
-3.4741676505834618e+00
4.6026580586472248e+00
-7.4963432893907838e+00
-2.3278975385741754e-01
1.2872519276065746e+00
-2.0556171414229635e+01
2.1825004306510774e+01
-9.5652337887027770e+00
6.1324526667224424e+00
-4.5972889012554852e+00
4.3263316159150023e-01
1.5871598214857711e+01
1.8168515863854484e+01
-6.1347318493690164e+00
-1.7879790272673282e+00
1.4221782137189557e+01
1.3898572933195581e+01
-1.7530281663802356e+00
2.0636137163403592e+00
2.6909375224577548e+01
-4.6069314549595148e+00
-9.4926231651148960e+00
5.4365818940458936e+00
4.9626754239048685e+00
3.2760399195189081e+00
-1.4668292763785734e+01
1.0792383042540731e+01
-1.2362563422077425e+01
-2.2370119388390858e+01
-5.8745918188422728e+00
-2.4932770090655499e+01
-3.5788036755379311e+00
4.2912951102465584e+00
1.1154494306784603e+01
7.6803863511089987e-01
7.9406655081090989e+00
-1.6189729750479733e+00
1.2456928224857291e+01
-2.5111686969798925e+00
3.9829688560274241e+00
1.7094365290877892e+01
6.8679493107847875e+00
-1.1630953853610173e+01
-1.9468929834998987e+00
2.9436080180023558e+00
-4.1972779594421272e+00
-1.0957449083473584e+01
1.0481216382944718e+01
1.2693410102170018e+01
2.1878182249143762e+01
-1.3784831603285310e+01
-1.4738241711332350e+01
7.2681794491407530e+00
-8.2154765680758643e+00
6.2842867012512507e+00
1.1912440488385094e+01
7.0790837083271579e-02
-9.9951234789003784e+00
3.3532768878897031e+01
-1.7325312958011015e+01
2.0590821513289310e+01
-1.0651271940911695e+01
-5.4468167933933245e+00
-2.3334590871488288e+01
2.7738936736134082e+01
7.6509093162614015e+00
-9.3818688322368899e+00
-9.8746814714995423e+00
-2.8201973923945772e+01
-1.2121867698316109e+01
-6.4101259341374632e+00
-1.3417368716287333e+01
6.9343555796936878e+00
1.9538949535367911e+00
8.2562785972992874e+00
-6.5541133740132169e+00
5.4049102363320776e+00
1.0029845051075526e+01
5.3457712748237602e+00
-3.5214238998410741e+00
-2.5348297169613531e+01
1.3208877698130383e+00
2.6695850640990035e+00
5.6504558048922124e+00
1.2650510848977086e+00
1.6360733403768744e+01
1.5056850472286815e+01
1.5906889032296588e+01
-7.8060537678830002e+00
-8.5410185993889804e+00
6.8243118469528321e+00
1.5536335603292871e+01
9.6342559126100031e+00
-9.5201906202835751e+00
1.5277653929932020e+01
-2.2026036850291387e+01
1.3640861504416520e+01
4.2608449781321065e+00
3.0651801217490506e+00
-5.0729904766861891e+00
5.8937594093356802e+00
2.5663586843113723e+01
4.9071880016179419e+00
4.8331959854287918e+00
3.4130104472623977e+00
1.2467215082494430e+01
1.6149107168742024e+01
-3.3244809006615805e-01
-1.0340375008063484e+01
1.9660473079542950e+01
2.4439675047096077e+00
3.0435701576266836e+00
-1.5889722670930388e+01
-2.3798437968426295e+01
-2.3846943241315181e+01
-1.5364637867868110e+01
-1.7972691635952769e+00
-3.1961153018565995e+00
6.0585035823785391e+00
-2.7048117804787077e+00
-1.4742995190837870e+01
-9.1668731923609403e+00
-1.7780522723398899e+01
1.9144349607391504e+01
1.6351776207508721e+01
4.7606031710849210e+00
-8.4001239324153989e+00
2.7322480052708784e+01
-7.5238985975757782e+00
3.7825178882740325e+01
8.2114226824023859e+00
-4.6827603147130343e+00
2.1410648212609868e+01
-7.3288559355782388e+00
-4.6699862297969763e-01
1.5083971954967442e+01
5.9158824757113857e+00
-1.2311740181140475e+01
3.4138086211570574e+01
-3.2890101551528597e+00
1.5759815914136393e+01
-1.3790065785099719e+01
-1.2018440601806761e+01
-7.9067201560287774e+00
-1.8885719358958593e+01
-1.1311030062050222e+01
-9.8612811521389272e+00
-2.5234637866935898e+01
1.4536866486403513e+01
1.0079528330558496e+00
-2.5557623037478130e+01
-5.3203351346185856e+00
5.0547966740586006e+00
2.2013867842179047e-01
1.3443106857961109e+00
6.9613285870006516e+00
4.3250435271099539e+00
4.0238091778643685e+00
-1.5290731480040735e+01
-4.1151296590376069e-01
-3.6398600153129954e+00
8.1747671525891299e+00
-4.9201656984132462e+00
-3.0802052387357266e+00
9.8096530105331308e+00
1.5648448167563438e+00
-8.6384842399932111e+00
-2.0635492089054752e+00
-2.0710319317687338e+00
9.2073712291126208e-01
-1.6333411570911810e+01
-7.7585248411387218e+00
-1.4388599758241369e+01
1.9535751256835496e+01
1.6382071526831428e+01
3.2146136872594631e+01
5.7107655042161429e+00
-1.6704824567587462e+01
-1.1570397559623210e+01
-1.1389168631257876e+01
2.0158011965608125e+01
1.6576049264903059e+01
-2.8653070103981882e+01
3.0418181301355151e+01
-1.1121621390023694e+01
1.9652176891445070e+01
2.3042302390891777e+01
-1.0030711903721421e+01
-6.4620151989536856e-01
-5.3041159294641433e+00
-1.5737863351459001e+01
3.6025861216270156e+00
1.1655895755859031e+01
-1.8107262647622353e+01
-6.5273869673901812e+00
-1.6300018726171299e+01
-3.1187293604414018e-01
1.3155339523090635e+01
2.8232833069467429e+01
-1.7477149293384127e+01
-1.0360458965417635e+01
-7.9939203002824382e+00
-1.4203776538867045e+01
-1.3551406501457619e+01
-1.0260708452395582e+00
-3.9271539675480582e+00
9.7133962707556805e+00
-7.4672072666129861e+00
2.2518894723451083e+01
-2.7496652657406202e+01
4.2824409051062702e+00
-2.9947306829753984e+01
1.7794194251990177e+01
1.1190409459997140e+01
1.4817985997085085e+01
1.9822305469178026e+01
7.9318352951611732e+00
-1.0646445842998963e+01
1.2787803862339523e+01
3.6541177056020988e+00
-4.8709810732000269e+00
7.0472192395082374e+00
-3.0355328542979816e+00
8.1466879130187450e-02
1.0059879864922346e-01
-1.8117586819768359e+01
-1.1717978331559133e+00
-3.3640342931046128e+01
1.2168876923801379e+01
1.7291815738376368e+01
-3.1473713223775892e+01
9.6003955230453482e+00
-4.6593195614536906e+00
1.3915899981772017e-01
-1.6228539095530298e+01
-1.7650522995200742e+01
-1.3582470950319449e+01
8.3139104005959865e+00
-3.5990740086857871e+00
1.0798780275088816e+01
3.8997875475069503e+00
-1.1986333345452589e+01
-7.3895037706606432e+00
-8.3267156113507248e+00
9.6402696110986614e+00
2.0583118649146637e+00
-2.1185745202192874e-01
-1.3461154218920489e+01
3.2243797506118014e+01
-1.1351180390373553e+01
-4.8453113666516545e+00
-1.6001615164203820e+01
-1.3066124336186828e+01
9.4386666760291449e-02
1.4865661271711518e+01
2.7903785786870085e+01
2.1661380307859002e+01
-1.0175705662624518e+01
1.7670128206374627e+00
-1.2030084315657014e+01
-1.1063309906035370e+01
1.4092483590730978e+01
2.1408445666070630e+01
-4.0428157854674973e+00
-3.4835178739316966e+01
-7.9997450030489450e+00
1.3893447881365628e+01
-2.0711049451291397e-01
2.1757556161276479e+01
2.8218714354048601e+01
-1.8573279928227908e+01
-6.0674122403445905e+00
2.8389036078803560e+00
1.3454021946529171e+01
1.3423031803849639e+01
-7.2941852860810679e+00
1.1789434314496792e+00
6.5382349362454448e+00
-1.6254853539510982e+01
7.6907436288401749e+00
-5.4777234170500790e+00
-2.5481606670750665e+00
-1.3051139029971896e+01
5.5678649612425817e+00
-4.0660108874709167e+00
2.1507506287904068e+01
-7.2198983362948652e-02
7.0196205070905613e+00
-1.0285188413046646e+00
1.4312056785169625e+01
7.2040288126331309e-01
7.6692770036494484e-01
1.9185174134420976e+01
-1.5637893408387449e+00
-4.5014671355483404e+00
8.6560452968821142e+00
-1.0784087913635833e+01
9.1126610170927371e+00
2.2689503776344981e+00
3.0398658849504963e+00
-1.0789998697342371e+00
-2.0584230236049139e+00
6.2860218751701575e+00
1.5871332007040801e+00
3.2107396336813650e+01
2.4365651056682960e+01
-2.2468712772988013e+01
7.7538563113487067e+00
-1.0169313790478659e+01
7.6348392614434524e-01
2.1036266902896582e+01
-1.2246740993496765e+01
1.8810360723921633e+01
4.1148254493204330e+00
-1.2575450269523175e+01
5.9919974483834766e+00
-3.5992853773889548e+00
6.8447404246176236e+00
-9.7145590629028007e+00
-7.5828486169326592e-01
4.3339245962758799e-01
2.0864199510941763e+01
1.5752979287201714e+00
1.8486726357010166e+01
-6.3420457647046913e+00
-1.0494025323384588e+00
-1.1971407176412866e+01
2.3001043237305709e+00
8.6867280102066289e+00
-2.5673902641953844e-01
-2.1718323728496292e+00
5.7182128911831054e+00
-1.9376448946990337e+01
1.0731124616877978e+00
1.4223492054770732e+01
1.0836648359024855e+01
-2.0018363983650005e+01
-5.0143310777080252e+00
-2.2117324623130846e-01
-1.5979372783217118e+00
5.7891699922494757e+00
1.3094324333088412e+01
1.0930175673871194e+01
2.4695936937596090e+00
1.7078927398652410e+00
-2.4701221108977940e+01
-1.3194260235301124e+01
-1.5620302894327786e+01
-5.1324265833286269e+00
-1.1371672940605913e+01
-3.4627422001199072e+01
-3.2472269692790199e+01
7.2183391475586445e-01
-1.9131531867805606e+01
-5.7779683898649630e+00
-1.7924886072319751e+01
3.8825759982397900e+00
-8.0242886424232669e+00
3.0559778127260468e+00
-3.5661827180224472e+00
1.0006315577310557e+01
-6.6418783557664502e+00
2.8580410281415400e+01
-1.0455946679776165e+01
1.0021631689354882e+01
-1.7383869190190642e+00
1.4886345561945534e+01
1.9242160777408078e+01
2.3761066042108596e+00
-2.0046118000264777e+00
-1.7120076768754078e+01
4.2048190128954372e+00
8.1115441616175694e+00
-1.9469995303852354e+01
3.2971517005649396e+01
1.9038348322820660e+01
1.4663808637783182e+01
-1.9491615532835922e+00
1.9059445227111727e+01
1.3733818673593643e+01
1.4856806338793649e+00
-1.1162060949987831e+01
-2.8057505149826509e+00
-9.5776930059843473e+00
-2.4777512830752421e+01
-2.3385930471646308e+00
2.0179076006152862e+01
-6.5330999546916446e-01
-1.0278055618146110e+01
1.9495854441158393e+00
2.6014946980200828e+00
3.8128095103633930e+00
2.5244950017833997e+01
-8.7303171763486205e+00
6.9156672879860190e+00
2.2500545970425787e+01
6.6257845814264886e+00
2.2184888176717905e+01
-1.3410204880736332e+01
2.4535615625225443e+01
6.7458713151031233e+00
1.9878704818884167e+01
-3.9335168828955145e+00
-2.4819243796798895e+00
-9.2794029958963957e+00
-6.6193825501864145e+00
-7.3334379949042228e-01
1.3143886023614633e+00
4.8051716259105088e+00
1.0672029594106135e+01
-2.4666136787582214e+01
-1.6540413394506108e+00
-2.2084076175679865e+01
1.0542658072007423e+00
5.8935215986138090e+00
-1.3645994563703615e+01
1.5372125858798206e+01
-1.1770609617797346e+01
-9.9866464492846707e-01
-1.1413366949043144e+01
6.0507747565985870e+00
-2.6239715022427293e-02
6.0000113008441964e+00
-3.1066133044984259e+00
1.4086629729957753e+01
1.3974434726713765e+01
1.2615590284090947e+01
-2.1434622279311704e+00
-8.1630619640514919e+00
-7.0888323973360612e-01
-6.5189598281427212e+00
-6.9448476427240049e+00
6.8498916679680404e+00
7.8022948281688116e+00
8.1519439937024840e-01
-1.4063642864337728e+01
6.5201155470029279e+00
-1.8143524430261017e+01
-5.8267298461713004e+00
1.9723186200939264e+01
-1.2910513058536523e+01
1.2435399914043192e+01
-1.5667346821311760e+01
6.8504491416985891e+00
5.0775572261426731e+00
1.0895856679287951e+01
-2.6836494473618204e+00
1.5536367269720113e+01
5.1295498854005572e+00
6.0606621352492898e+00
1.4348037944973024e+01
5.4325927128428635e+00
-2.6138784736691058e+01
2.5791394675849264e+00
1.8815046604558425e+00
4.0603692710396597e+00
-1.1186811339463032e+01
-9.8496606434131166e+00
1.0109733916299843e+01
-1.7063607277584945e+00
-1.3250708536214050e+01
1.7597591836015272e+00
-7.3228448957751393e+00
-1.0395073889541081e+01
-9.8429112260004050e+00
1.5974539018529750e+00
5.3768448654661967e+00
1.1032924636182026e+01
-6.8874006939532553e+00
-1.7189841854617569e+01
-1.0572665055144132e+01
1.3337184051026648e+01
-1.1117369312927432e+00
-3.9422252929477328e+00
-1.6053915850263927e+01
1.1734720058097936e+00
-1.1465369769535666e+01
-4.3499102455404328e+00
-1.5670903452212777e+01
1.2031884076601154e+01
-7.7345243358299047e+00
1.3641526079105466e+00
4.0100601573357810e+00
-2.8848971021378766e+01
-4.8949666465177746e+00
-1.3128320179180536e+01
4.5979924235629527e-01
1.1328659664605089e+01
-1.8374235702568209e+00
3.2479668061309921e+00
4.2416591377799975e+00
1.4408465873496056e+01
1.2601608611295065e+01
3.3310142020611919e+00
6.6525030710646078e+00
-2.6963865002690358e+01
-1.1314329333608584e+00
-6.1235727074178401e+00
1.1956616539137158e+01
1.3065343867694633e+01
-1.1292177111017086e+01
2.3201230264550933e+01
-2.4883324369655750e+00
1.0175577971490009e+01
-3.8136452995677819e+00
-8.8516947050150403e+00
-1.7324881043525311e-01
2.3577023901016279e+01
1.2499286176915955e-01
2.2279664570993280e+01
1.2853138545046363e+01
-8.2011074293178399e-01
1.3120773849120505e+01
1.0844407499311322e+01
-4.7739302224031313e+01
-2.9547386578056859e+01
-9.0582171047366771e+00
9.6252731323020448e+00
-5.6930048725717342e+00
-1.0148797721969043e+01
1.3228490456913574e+01
-3.2375349700440665e+00
-1.3680785054388734e+01
-1.2757458576230693e+01
-2.4611041898461334e+01
3.1903928431471260e+00
1.1415398193108540e+01
8.2146517999379647e+00
-1.7389769035422898e+01
8.6709926907019614e+00
-1.2186100680969156e+01
-1.6471650534065464e+01
-1.6975792048670161e+01
4.8137628499333642e+00
2.0867859363078228e+01
-4.9608782946390280e+00
-4.5618586904712641e+00
2.5511872137036145e+00
2.1097272314701531e+01
-4.7877190376152248e+00
2.0468537012944502e+01
-3.2825932804339657e+00
-1.9036084249783631e+01
3.7716382751200605e+01
-6.1469400769013580e+00
-4.3529444869303813e+00
-1.1032249338096248e+01
-2.6780761131303610e-01
-4.3883874830868566e+00
1.5532246503876507e+01
-2.5697480411490691e+01
-1.1892410977446891e+01
3.2545396876416987e+01
1.5819100553318810e+01
-1.9026482535897138e+01
1.2466198595590964e+01
2.3124353128682866e+01
3.5821581219665517e+00
1.1678580255891589e+01
-1.7486865051589227e+00
-4.2444323957280234e+00
-1.7351060084438092e+01
7.4837013131635350e+00
-1.0128580938761599e+01
2.4078301469483307e+01
-1.1998106772943451e+01
-2.5410244594052234e+01
7.6240292467773578e+00
-1.8444766215355337e+01
1.2693227153713498e+00
1.4068835462617619e+01
-2.2035277037390525e+01
1.9644633506152707e+00
9.8395721737872268e+00
-1.3112640278861354e+01
-1.9245753674072713e+01
-3.6914589237665538e+00
-8.7297495759383423e+00
-8.8337436295941352e+00
-1.6308175163424434e+00
-2.1539126822755570e+01
-1.6993768403447067e+01
2.0077976220244835e+01
-2.6695880702448238e+00
1.5954135420918419e+01
-4.0813313962667301e+00
-2.3513949083533511e-01
1.7572256745650556e+01
2.1518437875267638e+00
2.6119449128767162e+01
1.0943301930656437e+01
-1.9334087800227444e+00
1.2694891766514993e-01
-1.8502834324497709e+01
1.6223507056395569e+01
-1.2002498298548709e+01
1.4879207470474876e+01
4.3967731316634620e+00
-1.1965981355212250e+01
1.5778703789699460e+01
1.6071815261542962e+01
-5.5921841286965019e+00
2.4712122656263080e+01
3.7531704799309917e+00
4.3452039631484940e+00
-1.7104966165799187e+01
2.2294115338104596e+01
2.5378733434889562e+00
-1.4077741505872982e+01
3.1447955481101427e+01
2.9775264374740324e+01
1.7627367396841979e+01
9.8611386983211755e+00
8.9374937756915305e+00
8.1324848009631623e+00
-6.7527621833913356e+00
-7.9913532609553615e+00
-1.9852893175040119e+01
4.2929900759560429e+00
2.1414819938433176e+01
1.3341014469046572e+01
2.0219905343050334e-01
1.3793705875902532e+01
-2.0232523968211567e+01
-1.3011321683526553e+01
-3.0994418704800076e+01
-4.0208076111172932e+00
3.2068011582226528e+00
-2.5958064453038732e-01
-2.5378075135323042e+00
5.4268175629123743e+00
-3.0667418420495103e+01
5.5181311057614024e-01
3.5790593477161345e+00
-4.3279652829411761e+00
-6.4542002233612159e+00
-2.4750985739812355e+00
-9.5252434214724113e-01
-7.6657701111275074e+00
6.6120278635024574e+00
6.8784430405914971e+00
-2.8078345944404077e+00
-1.4925866143294126e+01
-2.0774479241543109e+01
-1.6452446479881285e+01
-3.5324687701595003e+01
-1.4423687316715384e+01
9.4691340769250552e+00
1.3590803024255246e+01
2.1822124745801201e+01
-1.7352750757847430e+00
-1.1334064239070612e+01
2.1544923075754840e+00
1.3073840478060664e+01
-1.2241016059397650e+01
-1.3563057928684715e+01
8.5806750868576227e+00
1.3598145821388612e+00
-8.1405147159343851e+00
2.6704083148054316e+01
-7.8180178211346973e+00
-1.1064597478827796e+01
4.7307857009123255e+00
1.5454340540216682e+01
-1.3356915119688337e-01
2.1046707485160576e+00
-1.1172216163022522e+01
-1.5819558637759078e+01
-4.9663914294165625e+00
2.2283169717524274e+01
3.6471516711417307e+00
4.1428861201922524e+00
7.0381216603605194e+00
-8.3369413553614500e+00
-1.9402251871145435e+01
-1.7328868739657096e+01
-1.7122135240807804e+01
1.8291389128108047e+01
1.9727774329841157e+01
6.1099641133591232e-01
3.3902254407186277e-01
-7.3293856896372604e+00
1.6200962732305189e+01
-1.3679404913980962e+01
-1.1031614730836201e+00
-9.4164333991173823e+00
1.2213563035608475e+01
-3.4868981644720868e+01
9.7769686769713093e+00
-2.0982534418181046e+01
-2.4423265892975305e+01
-7.9980989649958838e+00
-2.4722061960957706e+01
-1.2530225945978870e+01
-3.8481058681532780e+01
-6.3534034742252796e+00
-9.5631880317338265e+00
-1.9016460899994293e+01
9.1518035792038699e+00
-1.6191818014928256e+01
2.1803829137939964e+01
3.6894588927568233e+00
-1.5128613709246901e+00
1.5171135299829299e+01
1.0605300039922112e+01
-1.9408975230527247e+01
2.1161163418347320e+00
-7.0969117376326218e-01
-2.6828408582515735e+00
1.3152024040791041e+01
1.0509644735644363e+00
-7.4822294678292884e+00
-4.3606822684534832e+00
1.6577791654395451e+01
8.2346914131837394e+00
-2.4017441562259368e+01
-1.5530638062077884e+01
1.2435684408299659e+01
-1.3220296753953820e+01
2.1917944399019476e+01
-1.6397722837251116e+01
1.9105591635125891e+00
1.5768821400259602e+01
3.2821094247554568e+00
9.0918273595687946e+00
2.4583137693372255e+00
-1.4831418148033638e+01
5.6033680697601556e+00
2.9030714076514545e+01
-1.0309690283534248e+01
1.8128656178635794e+01
-1.7751772280340010e+01
7.8793620984920505e+00
-1.2654952102350641e+01
-1.0191347133801719e+01
-1.5383940255729662e+01
-5.4584134704812373e+00
8.2169465697539079e-01
2.0803310644476580e+00
7.7747092697400122e+00
2.2760884767254705e+01
1.1466572500753443e+01
-1.5035776440174912e+01
-1.2424617775857612e+01
2.7857055547775147e+01
2.5120322561905617e+00
1.0683921347588537e+01
-9.9105399218535535e+00
-7.5808383943529947e+00
1.4721478292416748e+01
-1.8129632916917817e+01
1.0832844563917107e-01
2.0221636923587699e+01
-2.2698675801743233e+00
-9.6801978533588233e+00
9.9498352009553130e+00
1.5528719099316202e+01
3.2871659571714837e+00
4.9128994191203450e+00
-7.6917045185840784e+00
-1.4816743159511692e+01
-5.5494424362647510e-01
-2.6660064928724636e+00
-9.8230464603478378e+00
-1.8888189070000280e+01
7.5448812376977425e-01
-7.8376442487693723e+00
-9.8771209309451313e-01
2.5392804585398196e+01
7.8399667973058138e+00
1.5446166269310940e+01
-3.9300077264298117e+00
7.8903145414585252e+00
9.2745677530211150e+00
7.4523579933667525e+00
-7.6814583139564947e+00
2.5509953309624311e+00
-1.0950123013821077e+01
-2.6938211164495067e+00
2.0828512782165529e+01
-5.0392963959354651e+00
-7.4397663911674652e+00
7.1002029209837287e+00
-1.9674991960280511e+01
-1.2395991244502421e+01
-6.2091313326893243e+00
2.4697796543309471e+00
1.8930941046589496e+01
-8.3451893294133832e+00
1.1525056281060810e+00
3.7113417751348116e-01
6.9747975723213109e+00
-9.4941572446333282e+00
-2.7557201677314016e+01
-6.3761313858775992e+00
-1.4315368456608200e+01
1.0855042974459243e+01
-1.8957573145689473e+01
2.1420457163695019e+00
1.6313812037132706e+01
2.2235901022920295e+01
-3.0358021654512770e+00
9.8978558450858127e+00
-6.3510938470072287e-01
1.7281139632285491e+01
-1.3039275789193661e+01
1.6001057982743578e+01
-9.0369320696880475e+00
-4.4689142308587240e+00
1.2986594831992470e+01
-4.6606937528786013e-01
2.2676988924654793e+01
2.7338562956484744e+00
7.0263480674724956e+00
-3.5039792002023673e+00
2.1279379725454870e+01
-3.5705525187511122e-01
-4.4990421269275362e+00
4.9323709072473081e+00
-1.7402553833993363e+01
1.5485779847294550e+00
-2.4157570303484651e+01
-1.9761504641760716e+01
4.3106697878584459e+00
7.5397708100732226e+00
1.5178181769886757e+01
-1.1318061005888625e+01
-2.0205664308291112e+01
3.3645851873150335e+01
-1.2250012626536222e+01
-1.3767244097683404e+01
-1.1248962322138244e+01
-1.0962912801606915e+01
3.1313516983515437e+00
1.4003270021675622e+01
2.3074336813314669e+00
-3.1292940265882208e+00
2.3800672861367875e+01
-1.1585127610398769e+00
2.5857941290408326e+00
2.3081962290505000e+01
-4.5569810753829456e+00
2.8101470271289720e+01
-1.8907276882211114e+01
2.6810175156054296e+01
8.7442222489763377e-01
-2.7797403499917220e+01
-1.9268724617222524e+01
-7.0524624755680421e+00
-1.6635419275256606e+01
7.1540250474034461e-01
1.8481446305392115e+01
7.3915027113151615e+00
-1.1752539109616162e+01
5.1127924963173692e+00
6.4829774588134779e+00
2.5912980387519809e+01
-2.0577285267788763e+01
3.8511435598629769e+00
-1.5308019709361422e+00
1.5868314587174295e+01
-1.2096233541385522e+00
-1.5698859505810031e+01
2.1716680218317528e+01
1.0811640650727806e+01
7.3792356247902182e+00
1.5875796695630124e+00
-4.8340390881384165e-01
-2.6133469064109843e+01
8.0846508758927733e+00
7.3508129662142281e+00
-4.9230157767732514e+00
-1.5874311947213055e+01
3.2584712787062058e+00
2.2322294067702508e+01
-2.6851660728885123e+00
-9.3350445111068066e+00
-1.3280900600300225e+01
-6.4468457598423798e+00
-1.9895470174004661e+01
-1.4922471349131301e+01
-5.1289286324876926e+00
1.5910741015076839e+00
9.7920300895263228e+00
-7.1433585863466611e+00
1.2953902559280396e+01
-2.1317567387728484e+00
-4.0544133753643248e+00
-6.0628110188981144e-01
-2.3359860293312575e+01
-4.7031124276339593e+00
2.4547488830355633e+00
-2.2672895464509597e+01
-6.2504635473053902e+00
-1.8413436156756305e+01
2.7464641323203272e+00
-3.5686041510330483e+01
-1.0343531469644180e+01
3.5769519096433426e+00
1.6783926583942069e+01
4.5496881733495287e-01
9.1306944916581365e+00
-5.1437071038719012e+01
5.0326175534317210e+00
1.7423634483603823e+01
1.0593067037815482e+01
-7.2348905298186565e+00
-3.6088309778325485e+00
2.5836017281378894e+00
8.4719491262084450e+00
-1.2726314362269482e+01
-3.0852441856367192e+00
-4.6426340574005112e+00
-1.9903872268592949e+01
8.0935788138740765e+00
-2.5002679566517333e+01
1.9704283057114086e+01
7.6017967231333508e+00
1.4392165399135720e+01
1.3942154542181765e+01
-1.2905713578189435e+01
9.5144132398464656e+00
1.9766640110976844e+01
-2.5473060074386711e-01
4.1991396446842373e+00
7.3526237382929853e+00
-2.8200654918061097e+00
-1.2221241722779674e+00
8.0178539088711371e+00
-2.3626617358592181e+01
-1.3532647377515001e+00
2.0104758397771892e+01
2.3649473646485447e+01
1.9650495922178286e+00
-6.5754520909827177e+00
1.8404529544252224e+01
3.4812880853796950e+00
7.5560203920808799e+00
7.6462015778546313e+00
-5.8875067531050913e+00
1.1368571077085770e+01
2.6606908284665060e+01
-1.2056596270810868e+01
7.9836242340652994e+00
9.0170432142210739e+00
-7.6843434978270038e+00
4.2414878404635061e+00
5.0080239388304959e-01
1.5093793208406808e+01
1.0586596733311106e+01
2.0246437892503217e+00
6.3495294804697879e+00
1.1316172854395555e+01
2.4078625846936306e+00
-1.4544882604729517e+01
-6.0699913067436595e-01
1.8805876483897780e+01
7.8828130644024839e+00
-2.0104007315129562e+00
5.1008662449594491e+00
-1.6427702683105483e+01
-1.0576636302579404e+01
1.5001210109086269e+01
9.4532925710144298e+00
-3.4079297915344142e+01
1.3910654171349565e+01
6.9151697812492063e+00
-2.5379351774154156e+01
-1.0820489815028604e+00
3.2070544405753054e+00
2.6573255217275626e+01
-4.8428815649896769e+01
-1.1823005085614389e+01
-5.9998739295363430e+00
2.4870206438046456e+01
4.1443550569572790e-01
1.6541075425985412e+01
-2.1034544882448740e+00
-2.9901418894981591e+00
2.9993808488203317e+00
-1.6009653955008453e+01
-5.2604023693720539e+00
5.1863297774246995e+00
-5.6669568120638747e+00
-1.4137613753570989e+01
-1.5117293750519083e+01
1.6750533573216188e+01
-2.3807293025887812e+01
9.4582239308854561e+00
1.5110529576440333e+01
5.2284257659359463e+00
3.2477960663601934e+01
9.3417177841625190e+00
4.9618682528889941e+00
-1.9585527844422536e+01
-2.3722734310311235e+00
2.1654811529551528e+00
-4.5925971902034561e+00
5.9447640059745543e+00
1.0352995285921091e+01
1.1156187326045524e+01
9.9316479203278873e-01
-1.0553702101455652e+01
1.0734021041229322e+01
-1.0855131947977652e+01
1.5753102726613823e+01
1.8248307724095238e+01
3.3797789458370797e+00
-1.1078337120323523e+01
8.7506894098864745e+00
-7.5367760973594535e+00
-1.7202904493300650e+01
-5.9293303229724792e+00
-2.0712808133365403e+01
6.3934942830455146e+00
1.2514442790382322e+01
1.1894789910077471e+01
9.0738536410163793e+00
2.3655669527612080e+00
-2.2479485530116574e+00
1.5175814193053014e+00
-6.5774462647109297e+00
1.4065051822176255e+01
1.3488077645187099e+01
-7.0611015411441516e+00
-1.9168110445411408e+01
1.1138354966445359e+01
-2.9922286412582833e+00
4.5980334840082811e+01
1.3026083700124500e+00
1.0967814343056116e+01
2.4698736874612283e+01
8.1077231763349689e-01
9.6830538297739839e+00
-1.3284437820514968e+01
4.4950815317579487e+00
8.0453342122285498e-01
3.3189732156627363e+00
1.0055420479387621e+01
-9.4030870025530078e+00
7.6743801136098675e+00
9.1274502927918846e+00
-6.5618886688829035e+00
-1.4871156968594233e+01
2.5600387153154966e+00
-1.9512061292305152e+01
7.1606488169182771e+00
2.2053273168938638e+01
-2.4203221830626145e+01
