9.0808653779475357e-01
3.4175136373866488e-02
-9.3976553883258540e-01
-4.8096689440856266e-01
9.3925755198899008e-01
9.2143118354676301e-01
-6.8334698914290559e-02
2.6959883936262052e-01
7.4327764905769622e-01
8.8678430810577491e-01
7.4817533825262794e-01
6.4608883267206907e-01
8.8125433076569681e-01
-8.9117241764231891e-01
5.0493308924204516e-01
-8.7727782745194949e-01
-3.0009014305587334e-01
9.5893191029127589e-01
-7.4240192139014716e-01
-8.4169608712728039e-01
-7.0230092300272373e-01
-6.1900207198096058e-01
3.1997184450389460e-01
-7.2181852445889350e-01
-9.7238634511506461e-01
-4.2102343447324075e-01
-5.6781854420019129e-01
-3.2580618884176027e-01
5.3482728835509885e-01
7.0773293237646695e-01
-8.0353578749411914e-01
2.0826750226441137e-01
-7.7693715059438029e-01
8.7362491705377487e-01
-8.3435636932060009e-01
8.3745731337449136e-01
-9.9183594418851440e-01
7.4275755457745651e-01
-1.6614773239605785e-01
-5.5026518260932544e-01
1.5682805926834287e-01
5.2832960111020522e-01
-9.7328918945439646e-01
-3.5067402470156162e-02
-6.1859264965100214e-01
2.9694468063414003e-01
-9.7986195420744060e-01
3.0193282353534245e-01
-2.6244654710912640e-01
-4.5979473016902361e-01
-7.9400987257736688e-01
3.3732762872883271e-01
3.9387338834767616e-01
-4.2576318969438731e-01
-4.6120283589814159e-01
9.5163528911992579e-01
4.4055455599079396e-01
-6.0877956915085174e-01
6.0248346046660295e-02
5.3909752864472305e-01
-4.8772671329971551e-01
4.4071002947686244e-01
-7.4109416868193578e-01
3.6892330775959059e-01
6.5036578171104398e-01
-6.8720765934724237e-01
3.7546090232143947e-01
-7.6577770438815518e-01
-7.6105249836343725e-01
-1.0546689424660194e-01
-1.1385483692809462e-01
-6.6102194441252959e-01
-1.5822447091815217e-01
-3.6887410326477055e-01
9.5647345826580610e-01
4.4477138622961276e-01
4.1991486070644735e-01
-6.9209789399265298e-01
-4.3872760871908767e-01
-7.9773846075484478e-01
6.0237872071928944e-01
1.8544515888251434e-01
-1.1564933498617691e-01
-5.1695641780400647e-01
7.3447338993250422e-01
-7.7440302170180197e-01
7.5347225794258721e-01
9.0707930299079598e-01
-9.4808794295351295e-01
-7.1933182387039885e-01
-9.3127725539900952e-01
-5.9510237790268428e-01
-5.9738436952816143e-01
-9.9930854571187688e-01
-5.1936368815454492e-01
1.8839849969365474e-01
5.3936326894971098e-01
-7.6442049337217011e-01
-8.6717473207720785e-01
-9.0987342693685047e-01
-1.3614543138327628e-01
3.0358738928377038e-01
8.7288334845513416e-01
-6.6158804973309704e-01
4.1278120676341357e-01
1.2871768082940216e-02
6.7434270819099651e-01
-4.7110572403558337e-01
-9.9076741760950893e-01
-3.4526619615708642e-01
1.5318861107218229e-01
5.8899847072361400e-02
9.8738646859579893e-02
-8.5579643807162165e-01
-3.3792013638376961e-01
6.6033625471012458e-01
1.8113632163374649e-01
-9.1397385617917282e-01
-9.0691167748356283e-01
9.5086970183535158e-01
-8.0419673410654668e-01
-8.6356249071786406e-02
-3.9181539759386208e-01
4.5894828363240814e-01
4.7526113819514659e-02
8.5467598148613888e-01
-6.5530161472831627e-01
9.9488538916077873e-01
6.9776274191728116e-01
8.9974654069968185e-02
-8.2885094098434808e-02
4.4613515637505441e-01
-5.9770337543754604e-01
-6.3950717538720392e-01
-2.0587143241170425e-01
2.3012781292789919e-01
-3.5915328235158428e-01
8.9640907936967107e-02
-8.7483953002109005e-01
5.4174619501183741e-01
9.5724544844573289e-01
6.4417379312668821e-01
-3.7844071526471956e-01
9.3745607075448456e-01
-2.7978280558076751e-01
2.7419714656980743e-01
2.5304066510276235e-01
8.0001043148688100e-01
3.3022964156610102e-01
8.6377875482636801e-01
7.7563633068724513e-01
3.6385782319254245e-01
-8.9518487519808820e-01
-8.5947550504562598e-01
-5.2347413559954137e-01
-2.0966626264696686e-01
6.6190387969229958e-01
5.6783187769239896e-01
-1.4876442930712974e-01
7.6737715468810674e-01
-3.9048633140092437e-01
6.8578290866675107e-01
-8.6326498569022436e-01
-9.5644354307064083e-01
-3.4264480395046604e-01
-3.1177903058865430e-01
6.5150439620562728e-01
-4.1352567906756676e-01
5.6685339147677349e-01
8.2375585046649547e-01
-7.5277994772386791e-01
-6.3733115302561849e-01
-1.1829307429907721e-01
-4.3835652365182609e-02
-6.0274043270368494e-01
4.2142974168468328e-01
5.2423851167859969e-01
7.8483525792743647e-01
-4.7199302355503669e-01
8.6025347023607823e-01
4.7474116095109742e-01
2.6823717670720892e-01
-7.1141489627106191e-01
-8.7841525006837184e-01
8.7555850884237452e-01
3.2473137991709389e-01
-5.4195512683759528e-01
-1.7330347996322126e-01
-6.5522031419024507e-01
8.3530971560954947e-01
-4.8392574067779337e-01
2.2379028450269822e-01
-4.2932385550849084e-01
7.8716654657831509e-02
1.3661100664161419e-01
3.0355925824990448e-01
7.9077095126731689e-01
2.9863815839858820e-01
6.8461040252798977e-02
-9.5434745545767352e-01
1.0777218681504297e-01
-6.6100946266454463e-01
-6.1448212057273177e-01
-9.3130963719161608e-01
7.2990985498755134e-01
-1.3345959798996065e-01
9.7294684055612946e-01
1.1274311177957519e-01
2.9772079106378602e-01
-2.1599559452436645e-01
9.2659575982518150e-01
-5.8994303725593689e-01
4.1175517393666339e-01
3.7056010576574816e-01
2.2928909796364794e-01
-6.0116390472110881e-01
-1.8605976680871883e-01
-7.0962137848073348e-01
3.8792856950495436e-01
-4.2219206894222117e-01
-1.3124094836838462e-01
-3.8184461228244859e-01
6.3731253526840215e-01
-2.3872012204917847e-01
9.5320240020584590e-01
-4.1084292361488461e-01
4.2722291630322706e-02
5.2228538601655283e-01
-4.5033764186863845e-01
5.6013442323459950e-02
3.3549647068985400e-01
-6.0655128611677556e-01
2.3528208645646753e-03
7.7988633708480903e-01
8.5045256854206763e-01
6.9072252453884309e-01
-7.9038901789178084e-01
9.3372608287933856e-01
4.7589400737975973e-01
4.6478721510590315e-01
-6.4574426180662892e-02
-1.7576027503118308e-01
-1.8993012174643087e-01
4.3158423840118587e-01
-1.0884836985297164e-01
1.0761779595949639e-01
-9.3415245841661709e-01
2.9089102861879557e-01
-7.2030096736907900e-01
-4.3784908460565708e-02
3.3401841840846580e-01
1.9311252965123504e-01
-9.1204583711350673e-01
-9.9004210505924528e-01
7.2110814244410038e-01
7.7428164450147241e-01
2.7347852377505300e-01
-1.0704100655043736e-01
-3.3091696580198260e-01
3.1323718199127693e-01
-9.4863502981180647e-01
-3.6223472554818947e-01
-4.3964201369390321e-01
5.7625173621802728e-01
1.5252771776468821e-01
-4.8993736888274264e-01
-1.6430152175703672e-01
2.8071691421023726e-01
9.1712536660828770e-01
4.6363352552376469e-01
6.2689689728461162e-01
-8.7746217431446272e-01
-2.4988536138601158e-01
8.1369374440175335e-01
-4.3106910626128669e-01
2.7755641715020296e-01
6.0320296354071212e-02
3.6360631888184591e-01
-3.1406892329999714e-01
6.9062086958072455e-01
-9.7473972239721496e-01
6.3294655220070095e-01
7.8274711694183097e-02
7.7356378706575635e-01
-6.3766055344028016e-01
-3.6543475400473613e-01
-7.9181506619039643e-01
-5.6066750543348132e-01
2.3862298014950500e-01
-7.7064306218717715e-01
-1.3478775761323580e-01
8.2692073042262870e-01
9.5955773053728910e-01
7.6069406532824901e-02
9.6630065556715694e-01
-6.4283417048685432e-01
-7.1363098696780858e-01
2.7712743283632602e-02
6.0867169772650409e-01
5.7120538841883439e-01
-5.9401761040823664e-01
1.4354890811557475e-01
5.5011180534987902e-01
-9.2359983763180109e-01
5.1870009163937736e-01
3.6011510298518079e-01
-3.2634479496576718e-01
9.3977854340695544e-01
8.8840585090382107e-01
2.2370205778131425e-02
-9.5592243154790091e-02
5.4789477761747163e-01
4.9740475014871732e-01
-1.0367568769496172e-01
-1.4297299091969562e-01
-3.8924698988295814e-01
1.5870139958519780e-01
-4.6969293302184389e-01
-4.0004582004954070e-01
9.6146447118749867e-01
-4.9883939670951882e-01
1.5935152936004515e-01
-1.7216623120424601e-02
1.5695746442059066e-02
4.7789916362665319e-01
-4.8899803708895562e-01
4.2214533605216253e-01
-7.1314633107491243e-01
2.1127450425253569e-01
8.3020462797159111e-01
-7.6898909355209488e-01
-1.4087973626685746e-01
1.8963136163518679e-01
6.7730792570072529e-01
3.2687480580673056e-01
-5.5910450160376124e-01
9.1727487648913120e-01
-9.8852163640318880e-01
-3.3659358977434017e-01
4.1562296772100349e-01
-2.7526763734717108e-01
6.5069081173856502e-01
7.5591276811298047e-01
8.7170956754521178e-01
1.5592525529796153e-01
8.3980576333031576e-01
6.0644240065546562e-01
5.9789176104831676e-01
2.7698355156791532e-01
-4.7917867714699303e-02
-2.1960253455773349e-02
5.8095331929404415e-01
-3.9660614049054299e-02
-8.3089259971186269e-01
-1.0296139362013035e-01
-8.1191241338736453e-01
-2.5381361138519198e-01
-9.1487513698462308e-02
-4.7447577103101790e-01
-2.1544508261734241e-01
-6.1295309279178167e-01
8.3652060019744234e-01
-6.9628945913943041e-01
-6.8516679747770870e-02
6.7386606015903228e-01
5.9571709902902770e-01
-8.1524398241927487e-01
-9.5438517785581800e-01
-9.9157661554699594e-01
-5.6624066142504637e-01
-7.1871861007214355e-01
-1.2412670218039334e-01
9.7902615379519387e-01
6.2495446176873393e-01
6.5870644504623899e-01
-6.2798103078357537e-01
5.5160941697118182e-01
6.3229204565296926e-01
4.6776123847239015e-01
-2.6743926728442891e-01
-5.5633374053983364e-01
5.7916794183134956e-01
4.1642794658258597e-01
8.6433720305164430e-01
-4.9236382463725936e-01
-5.0962695798426183e-01
-7.0953227159389010e-02
-8.6858274561975035e-02
-7.1129705631372708e-01
7.1304472613740599e-01
-9.4673805113323362e-01
8.3427901752300726e-01
3.9095435821616698e-01
3.1885882783812680e-01
6.0712776422545733e-01
-6.5066970377025690e-01
-5.5926950688270494e-01
9.9851080797527558e-01
5.7560344180970668e-01
-9.0115969192661516e-02
-4.7390493320771443e-01
6.0774815711485886e-01
-6.8570676864043745e-01
-4.7376241136247865e-01
3.8477746118410638e-01
2.5411904817614372e-01
2.6345752937642497e-01
2.4442839295044982e-01
-1.6490553424417886e-01
-7.1457158596864301e-01
-5.7211427808654114e-01
6.7661582474455484e-01
-6.0670254303864601e-01
-9.6106638389936772e-01
-5.4027535500775559e-01
-8.7255832839436920e-01
8.7923003658032761e-01
-5.2030859072952351e-03
8.6351691383031537e-01
7.7500330154661112e-01
-5.6675236900880499e-02
4.2747604376455195e-02
8.1126436893643117e-01
5.8500594558661301e-01
-4.4326942170052908e-01
5.0018827292475021e-01
2.0425335096951658e-01
4.7412072800012695e-02
6.0570260288586630e-01
3.0824693041843654e-01
8.7386533907333130e-01
6.1815869298673953e-01
7.8824666908116736e-01
1.0082434704174803e-01
2.3424159226473740e-01
-3.2458893930512334e-01
1.0919470396557274e-01
-3.9264482124819788e-01
6.8740946333250652e-01
2.0476853269709050e-01
9.3911202180298292e-01
-4.6719387167788262e-01
1.5069518036616936e-01
6.3298960273970772e-01
-1.1443858282376740e-01
7.2377793283831937e-01
6.3452402372054872e-01
-6.5278054217283166e-02
-6.1564502208336680e-01
-7.2202693013245278e-01
-3.5442976073414445e-01
6.8943361038044970e-01
-3.7855785394568386e-01
4.2076320195995831e-01
5.0703981484412841e-01
-4.0008192246364560e-01
-4.8268597020683623e-01
-8.8439915546036107e-01
-2.0777939577613180e-01
-7.6455763542356769e-01
1.5261254271886848e-02
-8.7103219897292106e-01
7.8431736964136078e-02
7.7867089518691168e-01
9.1740827243350243e-01
8.0790810871486118e-01
-3.1180562074432472e-01
9.4295605477317057e-01
1.6983131044942645e-01
7.1732030666117819e-01
-1.4654934452434398e-01
2.9222610753815248e-01
-3.3404844701745218e-01
5.9650751643866995e-01
-6.0813995541251553e-01
-5.2651361593532586e-01
-6.6394173833781733e-01
2.4342716202163217e-01
-4.4903650141525087e-01
-8.6134062312446180e-01
-3.9438841929737489e-01
-6.6136236708063378e-01
5.5652801110790162e-01
9.3378158513516452e-01
-9.1687292987157476e-01
-7.5786193830417581e-01
-2.6192898283715971e-01
7.3770081785592367e-01
7.3911100850848532e-01
-2.7204901873691290e-01
4.0615037475600468e-01
6.7943810924406001e-01
1.3328599862114054e-01
-8.7128044654287695e-01
-3.2632176766727616e-01
-2.0558238232609194e-01
9.0600982891101078e-01
-7.5476113131213352e-01
2.2871630961630096e-01
-2.1833214981710825e-01
-3.0064918193967038e-01
-4.6325129931144793e-02
9.1917155953919361e-02
9.3210693431289493e-01
5.1008142698841308e-01
-2.7139109632171854e-01
5.7803461011004931e-01
-4.9568391341420470e-01
-1.1889336620862445e-02
5.0747070032408348e-01
-1.0927166712744041e-01
9.2581819780884222e-01
7.3702769620556108e-03
1.4382275820430168e-01
-8.8318857627095360e-01
7.7375486675376326e-01
4.3306289189945590e-01
2.8895682142732548e-01
9.1693670097455970e-01
1.7939874560040714e-01
-1.0963830125849294e-01
-8.0514660831444829e-01
2.4845918708403381e-01
4.5662541885838714e-01
-1.1440428523536106e-02
2.2182187089676209e-01
-3.6444844278248856e-01
-1.1405910358317950e-01
-2.3249367399268750e-01
-8.9334398053955244e-01
-9.2865242645983725e-01
-1.3744569806163998e-01
2.8747494159311593e-01
-3.6010380202443204e-01
6.4384549288166570e-01
5.4638367433078883e-01
9.9814591132272934e-01
7.0726453126688460e-01
4.5079327159935167e-01
-1.7808120271649497e-01
3.6739592603348714e-01
9.7294733714939419e-01
-8.3671507111075227e-01
6.2132952732225433e-01
-8.1166863300299097e-02
-1.0642040250127394e-01
-9.9716729592099795e-01
9.1837900694522512e-01
-1.5977655762856258e-02
3.5064316366210324e-02
-5.2850679717111482e-01
7.6108516727339737e-01
3.7565665716017893e-01
-1.2719811976599826e-01
5.6332602646951102e-01
-6.8347705907598488e-01
-9.5670866345265893e-01
9.4188761883231553e-03
-3.6895569861158384e-03
-2.2730863036649041e-01
-3.6034131598963060e-01
-4.4344775709069795e-01
9.8504232431549510e-01
-5.1934095897522736e-02
-7.4332290205154439e-01
7.5934944663306458e-01
-9.9650923815450154e-02
-3.0721880432724613e-02
9.5476172941083393e-01
3.6930179915237415e-01
-2.1773865447007945e-01
-7.3395591469491706e-01
7.5045059608766396e-01
-1.0622687298532996e-02
-3.3640501956434410e-01
8.9845731651807137e-01
9.2763914283257631e-01
3.7116708392891407e-01
-1.2176398417610990e-01
6.0569795658503867e-01
5.0999882429435184e-01
5.8390374775100762e-01
5.6675653412528204e-01
7.4833686418004386e-01
6.9751264451203143e-01
-7.2599077667979217e-01
9.8245198165727077e-02
5.2607407705930487e-01
-1.5518647499690652e-01
-9.4730215907028203e-01
6.6576338584756822e-01
3.7145229280921188e-01
8.3872394878500334e-01
4.8457894367160326e-01
-6.5001487825199544e-01
-2.0146776399257771e-01
7.2979189573614667e-01
7.3731753142098722e-01
-6.5248498496361340e-01
3.9354501665126307e-01
7.5010972454479741e-01
-5.0805140838281837e-01
-3.4641228086172815e-01
7.6977488863290100e-01
-7.5531054411319021e-01
3.7935736803689957e-01
9.5640757634066031e-01
-5.2808747443530424e-01
-4.3273257468112458e-01
9.0023551548843672e-02
6.0824411049286753e-01
4.2269517089254394e-01
-3.3888098093972641e-03
6.8034122596271551e-01
1.1302545613739712e-01
3.3847939530767768e-01
-7.1871732722076920e-02
-5.6730214057211448e-01
2.4347466033082266e-01
-7.9946765002433851e-01
9.6491819900372344e-01
-1.1547960934410384e-01
3.0561919718578112e-01
3.8633607708126738e-01
9.5704379680195117e-01
4.1354139099915699e-02
5.6561657294809842e-01
8.6538497352449406e-01
-8.3012799321017627e-01
5.8782523712027857e-02
-7.8033397862761777e-01
-2.4016538658819520e-01
7.6852389438603241e-01
-6.8690523659357405e-01
-6.3286543307569754e-01
-2.4899526094184488e-01
8.3882419727009139e-01
-5.2239128596583828e-01
5.9282213693183050e-01
5.9253754103279266e-01
-4.9450748251777488e-01
2.8862794162691419e-01
5.6187309226715643e-01
8.8434812035667498e-02
-5.1349183842992141e-01
9.2005313668528599e-01
-5.5489166605030849e-01
-7.6353526241206204e-01
2.9510154451641069e-01
-2.1787440825562876e-01
-8.7698082056296411e-01
5.7247880289263264e-01
-2.8019597491151704e-01
8.3997527486407542e-01
2.8240542696550364e-01
-3.0212654655412396e-01
-2.9312345207355428e-01
9.3220765169713626e-01
-6.4897543096282262e-02
-6.2577225172205242e-01
-8.0558067486187623e-01
6.7023970586315129e-01
-8.0888581262174186e-01
-6.5415325937204116e-02
5.0343735032412185e-01
-5.7131906494845008e-02
9.7176212420209884e-01
5.1339528095561415e-01
1.2772673236403276e-01
6.0704953286558405e-01
-9.8231422886793474e-01
-3.9709070518145362e-01
-3.1297937478375137e-01
-8.6333220773910924e-03
-4.8299721198228351e-01
-9.4927293369281029e-01
4.1984542806253611e-01
9.2044510057959306e-01
-5.4361629250910304e-01
-8.2865119114981223e-01
-7.4579083149085001e-01
9.4440449660969650e-01
1.7227452700938217e-01
-8.2753970136776944e-01
-7.8622902855117816e-01
9.7988237158384250e-01
5.6921905522430127e-01
4.2827262876591998e-01
2.0010327722360421e-01
3.8127392341499688e-01
9.3345649953559695e-01
-7.2932133290669188e-01
-3.3898864636832515e-01
-3.7098264069154330e-01
6.3814144183129917e-02
6.1908576504352331e-02
7.2986505469417318e-01
-3.9011912662089621e-01
-1.3813394012770674e-01
5.6959268781114303e-01
-8.1075397052767673e-02
-8.8093938743283862e-01
6.4109981878616606e-01
4.2058442180409239e-01
-3.6295056452541308e-01
2.8481676677050016e-01
-8.9555926435006994e-01
7.9678433938529714e-01
-9.5696011887940990e-01
-5.6577737037041631e-01
1.4923211733337971e-01
-2.9132155846271390e-01
4.1223061292118990e-01
9.1772150538116470e-01
1.3553661330766587e-01
-2.2933396648450755e-01
7.0763568980975577e-02
-3.2234060282623211e-01
-6.4893335703048960e-01
-8.1056218053988927e-01
5.3043528901158399e-01
-9.0937781239175397e-01
7.8256876065284264e-01
-8.8449476455378262e-01
-1.6183847641328120e-01
7.7533308287758573e-01
-7.3845454715956649e-01
-4.4058141773038151e-01
6.1121104224973721e-01
7.5609373633079824e-01
5.1857500917514621e-01
9.2788880527121220e-01
-6.2995884804051938e-01
-8.6222670758207753e-01
8.0040644156320395e-02
-3.5059686095542475e-01
-8.4191546250287652e-01
-3.8590427761491075e-01
-5.9828556420718226e-01
-3.1191760360206389e-01
8.1342133193105259e-01
3.7013510443084963e-01
-7.5142802413593601e-01
-4.1588959505920042e-01
-8.1146932702475805e-01
-1.8491194252960230e-01
8.2492916745658129e-01
3.5182690786886028e-01
-5.2013500696168902e-01
8.9579512517572080e-01
4.5670948233259501e-01
9.8017917787881959e-01
-3.5753277101097214e-02
5.0367318055707555e-01
-4.6973459180919541e-01
9.9453029635275558e-01
7.4658134228486706e-01
9.5180777105540559e-01
7.7767757981210206e-01
-8.6076082712317914e-01
7.1440176856242776e-01
4.5050036888762568e-01
4.7540810245872112e-01
-3.2755808719322144e-01
3.9773954849821114e-01
-9.6266679165614444e-01
-7.0307233529367053e-01
7.7644307788483902e-01
-7.6664394205944686e-01
1.8098591470782655e-01
3.3605297015541935e-01
2.0416057058577386e-01
-2.8441978396339640e-01
-7.6629869457378885e-01
4.4556888818635154e-01
-6.4844121915295538e-01
4.5541295973134099e-01
-2.7258881416073022e-02
-2.4762298880618083e-01
-2.5266396144510561e-01
4.2588152958112691e-01
-4.9677327998393106e-01
5.3291640960954956e-01
4.1777695497234557e-01
3.1917163700101669e-02
9.1869956836415501e-01
-4.6206560385540218e-01
-9.1193302484369787e-01
-1.7690944236646222e-01
1.5090183666238777e-01
2.8174417593606993e-01
-9.9542243239506323e-01
9.3889406651594065e-02
-2.0265102764839316e-01
2.0143179453070004e-01
2.5173862238975220e-02
6.2075377442846014e-01
1.7184258687068699e-01
5.7817240656481705e-01
1.8576181611861742e-01
5.9088238259162362e-01
-2.0415725532150120e-01
-4.2773151970332823e-01
-6.5735094258645632e-01
-6.9238137593917837e-01
-5.4586437845898461e-01
-8.0643592982309098e-01
2.4575707824109339e-01
2.5271150081813087e-01
-2.7435896401721704e-01
6.0639490228892989e-01
-8.0840735044865997e-02
6.5287132890826571e-01
3.6355842931967475e-02
-3.2298065951508170e-01
6.9761720360444368e-02
6.3574500603469342e-01
-5.9618888573571960e-01
6.0906085349942352e-01
-2.2511469395337835e-01
5.5943411969905354e-01
-6.5839404562839365e-01
5.1548661934665985e-01
3.0338642554154305e-02
3.6169461438145500e-01
4.5760468884168159e-01
5.0588282703018006e-01
-4.4723306815443564e-01
4.3498269598892780e-01
2.1750654907122757e-01
-7.6104808195727092e-01
2.1730665344839695e-02
7.6859048329466506e-01
2.2700983175660716e-01
7.8287090246092705e-01
-9.4161838941866105e-01
-5.4958639121446728e-01
-7.0903184100723138e-01
9.0039661278949334e-01
-8.9270589556502056e-01
-4.4374267162212133e-01
8.9956735383117481e-01
3.2995046274836071e-02
2.9528948624717244e-01
1.8084176485496650e-02
9.3254640599276462e-02
-9.4283373766060619e-01
2.7933452252855995e-01
4.7879810277506030e-01
6.0701538915980446e-01
5.1923035310357912e-01
-4.1435556499154003e-01
-1.0294121642313137e-02
8.5433879915348276e-01
2.7980479142923453e-01
4.7048119626767737e-01
2.6682340717099384e-01
4.0622193135562523e-01
-7.4832139570677825e-01
9.0668039315743876e-01
2.9993110924876865e-01
-7.2577094612107707e-02
-1.2359569411533822e-02
6.6302640819659042e-01
-1.2863984447425159e-01
3.0020241301790929e-01
3.1994758301374659e-03
2.6115042167957303e-01
-7.5226416948569552e-01
-9.5716753176328995e-01
9.0822312424114804e-01
4.9078884393086031e-01
-4.9548528374556022e-01
-4.1978588807649964e-01
4.3812861141446313e-01
4.1761144792056060e-02
7.5878337437819177e-01
5.1565164807945130e-01
-8.0898356162930807e-01
-3.2494699370778168e-01
-7.0968957049398651e-01
6.4434722861993099e-01
-9.6644039934759840e-01
6.3693508159044288e-01
-2.8868461035254978e-02
-5.0475503979098169e-02
9.9223990779980120e-01
-7.6859906651968002e-01
8.8352919944444164e-01
6.4039287897461628e-01
8.4539320689618958e-01
-7.4372409662356098e-01
2.6764550167298373e-01
9.9617126236852549e-01
-2.4854119882967940e-01
9.4315077110486589e-02
8.4498029736524449e-01
-7.2995539154299238e-01
-9.2783103742377904e-01
8.2508628104943593e-01
-3.4699537519942703e-02
3.7651802306818571e-01
-3.8850153808668098e-01
4.9772002345289668e-03
3.6260902907591008e-01
-4.2671415353341691e-01
-3.4755433432395577e-01
-2.1496065301722989e-01
7.4117653752675250e-01
3.2068774243075593e-01
-8.3240081400967703e-01
2.2787421968415300e-01
8.3284988342931365e-01
6.3563739011924403e-01
2.8038936780221446e-01
8.7689299920691877e-01
9.4665045665717518e-01
2.5025156260011450e-02
9.7987608358035572e-01
6.1612110886573745e-01
-6.8631481026467034e-01
1.7728311406133379e-01
-3.2899198357513781e-01
1.7095558787737986e-01
7.9857012551170548e-01
-3.3996853979460462e-01
7.2543959575934847e-01
-6.3607771491417275e-01
6.4585922389767947e-01
2.5668297948372776e-01
7.1174441121675147e-01
3.6681246432174630e-02
-1.6555157351516048e-01
-9.2198574271430966e-02
-2.9357244801725946e-01
-4.8990750607451705e-01
1.7055963167060639e-01
-7.9214519921795512e-02
3.3999061453885582e-01
1.8468743999885673e-01
8.3436834157807183e-01
-9.9118500729884940e-01
7.5544011068079309e-01
-4.7670412383076588e-01
6.7712000832422969e-01
-2.2548080527872183e-01
6.5170566122929796e-01
2.8811509327081053e-01
-9.9542093616891902e-01
8.3803721383988905e-01
4.3269091912059676e-01
-3.2542847640472705e-01
-8.9912615285231134e-01
4.9819236725972527e-01
-7.1349831033382327e-02
-6.2883200533695405e-01
-7.0385840577116765e-01
9.2766428507598064e-01
2.6444407068816078e-01
-3.3459087209435912e-02
1.7137709360986952e-01
4.2642205705137948e-01
1.3906638290369422e-01
2.3757713819419024e-01
9.1434822100799118e-01
-6.1334808858249512e-01
-8.7750713371312994e-01
-2.4907936266755260e-01
9.7928626722051604e-02
-7.0023248073809086e-01
5.4493426874518192e-01
-5.5047616263527410e-01
-8.3908625414256333e-01
2.0146670485548968e-01
-8.1937456280640220e-01
8.2944254477004242e-01
5.5109566898966089e-01
-7.7858612689258822e-01
-1.1384063026586810e-01
8.3671935510714568e-01
-5.3847578074670333e-02
-6.6409042579020572e-01
-4.6402042082250339e-01
-3.8937778725649808e-01
1.4647191573358098e-01
5.9480805530327285e-01
-1.3627203087809070e-01
7.3911674550467921e-01
9.8194427978173149e-01
8.0318327791413147e-01
-9.0135264958672889e-01
-8.3773724305744857e-01
4.2837193893026670e-01
4.6054979936661145e-01
-2.8733344987299214e-01
-9.7559284065397489e-02
4.0068820112192705e-01
5.0627606113239354e-01
9.2588072087070605e-01
-6.4163891723990174e-02
-1.6040932897167903e-01
6.3134214758231000e-02
-9.8127212301508482e-01
-5.1755932148791040e-02
-4.6371185021218020e-01
7.8900311732028428e-01
-4.2281062160092631e-01
-9.8595158074060019e-01
8.9683625283501134e-01
-5.8097331455663870e-01
6.7221305696013434e-01
-3.8767622170257832e-01
-6.7185669071127907e-01
-9.4957965776669451e-01
5.3467850155691177e-01
2.0017666639470755e-01
-8.4771505719840912e-01
-4.2252725882193254e-01
-2.5036351991199424e-01
9.1070029876158021e-01
5.0447472516096004e-01
6.3863297465727786e-01
5.0417863827029619e-02
9.9889801635128150e-01
-8.7686308083275788e-01
6.3898440779778842e-01
3.4324888770116324e-01
-7.9505338406901427e-01
5.2990885260415510e-03
7.3045247531320090e-01
1.7953592547073960e-02
-4.6471048723805508e-01
3.3650492566254520e-01
-1.3417035098993235e-01
2.5961407994728325e-01
-4.5676937562404585e-01
1.1057826733161558e-01
9.7565722160578283e-01
-9.5288714885110115e-01
7.8664589757404335e-01
9.4479452720442270e-01
9.7720386704271878e-01
5.0784030466883179e-02
4.5835311663507250e-01
6.3926485390387922e-01
2.3550692082213498e-01
4.8235938646862597e-01
-9.0585489162616994e-02
-6.7672178065676047e-02
-5.1154745059021967e-01
8.5846190639513598e-02
-7.1361919705833476e-01
-1.7935830565422373e-01
-8.2698899247978552e-01
-8.9318086705180122e-01
-6.9884499983585280e-01
-5.9771180591745221e-01
-8.3906243385191182e-01
6.0873058359729537e-01
-3.8600910844726133e-01
-7.4267993666407506e-01
-3.9865515769286375e-01
3.2123047070891664e-01
8.9991713605778356e-01
-9.0819681763392934e-01
7.9648862433202039e-01
-5.9982545678548882e-01
9.8792644443590194e-01
-9.7828973227428373e-01
-1.4815954348204841e-01
-5.1123456173575410e-01
1.0675544835603135e-01
-5.1121740498167534e-02
-1.5453138081623852e-02
-3.5222779274281391e-01
-3.6384910436723095e-02
-2.4695912634770567e-01
-7.1149022917203220e-01
5.4841628931959496e-01
8.9208217894181630e-01
-8.8070916413167222e-02
-1.4055239568598832e-01
1.1957307240475257e-01
7.2723946806507200e-01
-8.0224046885802769e-01
-7.9003643179327554e-01
-5.4290353428266824e-01
-9.5996770046629842e-01
4.2065818900428376e-01
1.1555915841466713e-01
-9.1162825434182149e-01
8.4396201468027376e-01
4.3042396214587453e-01
-7.6192717583754344e-02
-2.9741272520981499e-01
-2.8134785626613790e-01
5.9669226181503854e-01
-9.1283370655429574e-01
2.0855695353347170e-01
-4.2397405560243406e-02
8.9000438055702968e-01
-8.5126124800973590e-01
6.7844637691921372e-01
2.0448185626165660e-01
-9.8681395579163356e-01
5.8711617486469692e-02
5.1131132119354517e-01
-3.3326664386954330e-01
4.0276048687546107e-01
-3.5904279491192359e-01
-2.3496004897233846e-01
-4.8253314558035765e-01
-8.7445223892321156e-01
4.0269223987165303e-01
8.5555461803322341e-01
-6.4084166188770852e-01
2.8393336102302769e-02
-2.6469215980154581e-01
-2.5029180718165145e-01
1.9672636311556246e-03
-8.1550345218366593e-01
-5.4305358938649861e-01
-5.9082239540872061e-01
7.5319267553758418e-01
8.2397727361444262e-01
8.0995656939930027e-01
-3.5829327493841634e-01
-8.7642910495686710e-01
-9.4588642183730209e-01
7.4069232412462549e-02
2.5474998518539738e-01
-6.3237132185368528e-01
-7.9964190904906696e-02
9.6015295908939691e-01
-6.5242520926522141e-01
-2.2222362613590418e-01
8.2720930458825492e-01
9.4969921755816644e-01
4.6508855740656552e-01
2.0895342545988127e-02
5.0420985953350383e-01
8.5238968047042052e-01
-7.4194936769513387e-02
-1.1328467028441924e-01
-3.3397505577560482e-01
-7.5966306517794757e-01
-3.3643959138129653e-01
7.3840751034420560e-02
1.0774086396720817e-01
9.8118059164392490e-01
-7.0959216504027189e-01
8.1485134587594765e-01
-9.0440434403297099e-01
5.7515472134061119e-01
1.2328230467405610e-01
-9.1712192919215307e-01
8.2975891720681560e-01
-3.8710821677668705e-01
6.6452778803287149e-01
-3.9508059387942773e-01
-1.6938815522395434e-01
-3.6339168986234616e-01
-6.0172605547723212e-01
9.6884386743430362e-02
6.3770471245957872e-01
8.8762285600704871e-02
6.9929915959601274e-01
-5.2654331660775688e-01
-6.4716933884149341e-02
7.1845119104632471e-01
7.8798225828193091e-01
-8.4132033461528710e-01
-6.2668129508560610e-01
9.0016320944222628e-02
-2.3327666811404968e-01
3.6120055623400482e-01
-9.6706208180812636e-01
-9.1904401412400949e-01
7.8641630948458108e-02
8.5180050131159812e-01
-9.9635050839526129e-01
-7.2727389158217592e-01
6.7818713117144824e-01
-1.5233492242513846e-01
-4.4113205127064081e-01
6.6319706529415745e-01
4.3318888457602456e-01
-1.2391243511434968e-01
1.4238138102438791e-01
7.0346068194297140e-01
4.1712617201343916e-01
-7.0694362879906447e-01
2.8421654701993826e-01
5.3560196293780038e-01
2.6741878051692503e-01
7.3149752827036796e-01
5.5299665151432076e-01
3.6859540882470365e-01
4.0971889901265968e-01
-7.3004515689377136e-01
-6.6349634844607386e-01
-4.4638706072954670e-01
7.3954840796309385e-01
3.9992242844994053e-01
-3.5493424240912463e-01
-7.1574893689421182e-01
-5.8671010846195670e-01
-2.9607215857502345e-01
-2.1116133236251511e-01
3.3846292029136515e-01
-4.6716006698878210e-02
-8.0273563683222693e-02
-5.9599079211445805e-02
7.9784813791240894e-01
-3.0400285317966513e-01
7.7902866603902288e-01
5.1809512218067622e-01
9.6639328654521806e-01
4.7590217992351769e-01
-2.0161331234056390e-01
-3.3789767630554279e-01
-4.9701559934567430e-01
-7.8176294924118184e-01
-6.6917167644637621e-01
-2.2171194857081189e-02
1.0635598390681733e-01
-4.1910797391140953e-01
6.9828146008625414e-02
7.7236801760532781e-01
7.2930522813681309e-01
-5.0001961202885847e-01
-5.1263546310898822e-01
-7.9935398051009066e-01
-8.8016740263890669e-01
-2.9560437361887737e-01
-7.4549888623204796e-01
-2.8317922499616033e-01
7.3442875817313569e-01
-6.5435233566606910e-01
-6.6732938991530222e-01
-8.7328787430930388e-01
-3.9967161614915370e-01
6.1808707482448622e-01
-2.9158443796419398e-01
-5.0420693926221838e-01
2.6606907446197692e-01
-2.7962244071923936e-01
6.8740577154506388e-01
3.7393767282750678e-02
9.7357487944876664e-01
-4.9937681562990555e-01
-1.8777277510306645e-01
-2.5270118474949799e-01
-4.3640800272924274e-01
-8.1337114798192356e-01
-3.6592886524025514e-01
4.1490819849378258e-01
1.4101312731422544e-01
-4.5002558497659106e-02
-1.1636609361290773e-01
-5.4983151358076698e-01
-3.2424516001373915e-01
5.8913596906727572e-01
-3.0850129883808675e-01
1.7632795085384778e-01
-9.6960470101560337e-01
-1.3277704843066773e-01
-4.7965760076440678e-01
-9.2250249754963898e-01
9.0159850490115101e-01
-1.2284439189392715e-01
-1.6709594775434544e-02
8.4955718319899098e-01
-3.1158846726837874e-01
5.6908114038658608e-01
-4.5568073185033464e-01
2.3141000922577248e-01
-1.5026900238349628e-02
-7.6257949691629656e-01
5.6704575251486111e-01
1.0037814444924598e-01
4.1434201122068837e-01
8.4570476995229171e-01
-2.2578323547132217e-01
5.1319491004713802e-01
7.9322144018347363e-01
-4.5665694754640906e-01
1.3611320360339363e-01
7.4014644334069968e-01
-8.9879079491955183e-01
-1.3979458591938398e-01
-6.9044500399981690e-01
-7.9033264749171706e-01
2.1311321285740692e-01
-3.1895464804590989e-01
-2.1079292601068622e-01
-7.9566647635319376e-01
8.1495951753919371e-01
-3.9513106511933305e-01
3.0628442396158895e-01
-8.4111736183382546e-01
5.8531940092938850e-01
6.1146156797008855e-02
-8.2212888717200427e-01
2.7761845705937671e-01
6.8437460058416555e-02
-5.7238900122008940e-02
4.7083013907792903e-02
-9.9890748220788239e-01
-7.3572570017307903e-01
6.1559928519027718e-01
1.3253212840740480e-01
-1.9283343231194838e-01
7.9046839646380818e-01
-8.7609117066142406e-01
2.8328825104045330e-01
-3.4411803709167199e-01
7.6222194654727438e-01
2.8165483296131333e-02
-6.1464087324682126e-01
-7.6360302478023145e-01
7.1591738537544614e-01
8.8923964371415587e-01
1.7471487459935320e-01
-7.2238768984274992e-01
2.7167056453104133e-01
8.2673297021209446e-01
9.0607803323633118e-01
-7.7492074859880800e-01
-1.9968672429370959e-01
-4.0421361724065796e-01
-6.2277254639403101e-01
-5.6478842640489690e-01
-8.4563811702358649e-01
1.0102216135459829e-01
4.5689073298835781e-01
6.8473552523416181e-01
-3.1515270390298777e-03
8.5192364379329488e-01
-2.4377855717746999e-01
9.1166059341809591e-01
-6.7013793766493135e-01
2.1274678576113182e-01
-1.4339971320325884e-01
-1.8894925941377838e-01
7.0735630463252197e-01
-9.1737727146924419e-01
-5.2332373571640378e-01
5.7814469252339906e-01
7.9482636547864827e-01
-6.4551008146232847e-01
2.7186945015749497e-01
3.9161322313347657e-01
8.5103959236653481e-01
-1.0117107196405906e-01
-6.5386656259852638e-01
-2.5477135369866144e-01
1.3454246881115783e-01
-4.4453956301761233e-01
-2.3339427269634561e-01
-2.3082948746438314e-01
-6.1448991432858813e-01
-3.1245949483758084e-01
-8.4470850914589946e-01
-8.1028726170213727e-01
-6.8665694537307331e-01
-1.6993883951945488e-01
-9.6760032762601200e-01
-8.6110249369700465e-01
6.1731510577973925e-01
-6.3617596795656817e-01
-1.6883487803053121e-01
1.0093743868355354e-01
1.4861197885047961e-01
9.9471768883001488e-01
-9.0920350461073829e-01
-4.2110375100992070e-01
5.9211534646860930e-01
1.1692860950340389e-02
4.5763852849621012e-01
8.9861942058761168e-01
-4.5176664744673256e-01
-6.4219211265460840e-01
-8.7342822719169466e-01
-6.7091946519119916e-01
-9.0510333917307351e-01
7.9735572811399846e-01
6.8520455995141827e-01
1.8954931270245345e-01
-7.4132171195617480e-01
9.7842047430305157e-01
-4.3016136112714987e-01
7.4438922614301184e-01
9.4628577808023007e-01
7.9729945169440475e-01
9.5046188677854482e-01
-1.4278224101813186e-01
3.0331866328139112e-02
-3.9555784191909071e-01
-7.0268841170620910e-01
-3.2733397719581214e-01
2.2343203033036074e-01
-8.1538043916311365e-02
-8.7303097761051762e-01
3.0952386597107506e-01
-7.5148834311767665e-02
-9.1867320832079535e-01
-2.9461079844750593e-01
-2.0231909400942261e-01
-2.0843962585441744e-03
4.0153996890306831e-01
-5.6887347439780367e-01
9.0238523009541027e-01
5.3372460061488813e-01
-9.0182465687956970e-01
4.7413223406254756e-01
-1.8244296896374179e-01
2.9247481656630359e-01
4.7998475651644501e-02
-7.1570890467317461e-01
-2.0486767025762886e-01
4.1136555087292259e-01
1.8898818115383231e-01
1.1058981999444795e-01
-2.0614694108619525e-01
9.8900716387559684e-01
1.7989177772283149e-01
6.4882104607888591e-01
-1.1005081129869043e-01
-7.2688420965688882e-01
-3.5353535171254713e-01
9.8321985418132996e-01
-2.1873496402561610e-01
-9.4311117448457771e-02
-7.0029526432908018e-01
-6.7141489730901960e-01
2.1015006894376898e-01
-5.7704858170442486e-01
7.8546368576409176e-01
4.1758390246375598e-01
-6.3295706848828903e-01
-3.0005282739058436e-01
-7.4766237582382511e-01
5.8215200342710505e-01
4.2480647698184315e-01
-4.8384056579237467e-01
-5.4917351672761439e-01
7.5313853993532365e-01
3.4801696390295556e-01
-1.3935073655561792e-01
-1.6353432581251892e-01
-5.3791794347167476e-01
3.8410861076046876e-01
-3.4663524233319798e-01
-5.5158771006629692e-02
1.8284083466478052e-01
-5.6724184144504886e-01
-3.8678404394237431e-01
-1.4962295485143151e-01
-7.4952624693243575e-01
-3.3069250643169490e-01
4.8867976617324804e-01
5.4844750604734083e-01
6.9088510843251472e-01
-8.7295464442394843e-01
2.8860862139541643e-01
2.0264981248412717e-01
-7.6922701439235441e-01
9.3039666090378259e-01
6.4221497844546849e-01
-4.5006915271570469e-01
9.2508878549813223e-01
-1.3393544905533128e-02
-8.2149530398888404e-01
6.9916015703640255e-01
-2.4053391733772922e-01
-9.2074554344620752e-01
7.6385592003304037e-01
-6.8956587295168825e-01
7.8803985970097878e-01
3.3700973678544188e-01
6.7331368862887642e-01
-1.9352882897787160e-01
-1.0948908504616295e-01
-5.0709972250551694e-01
-1.0793283516491892e-02
3.6870000106594492e-01
-4.9539182617600097e-01
-6.4755467939808020e-01
4.0510887231864268e-01
-3.2579187870241133e-01
8.2278131785404662e-01
-9.7899309220433928e-01
3.3347445991592073e-01
1.0636432068351742e-01
1.4926530175674424e-01
-6.3417852113667528e-01
-4.4743046013365761e-02
-8.5421084910533729e-01
-3.6805070997661204e-01
3.6833307787997538e-01
4.2510628385002436e-01
-9.0879826073047598e-01
-1.7291980315122368e-01
-4.4858199083097905e-01
-4.9729800460973916e-01
4.6233788362628681e-01
4.8033472448332137e-01
-3.0185316036742571e-02
4.2762427469456621e-01
3.6877544470034795e-01
-2.4520127519485824e-01
2.0591271082454288e-01
-5.2212330619678404e-01
-8.4696065883433869e-01
-8.8040808220373312e-01
7.1032046783026104e-02
-3.2865131880208698e-01
-7.3940300720440955e-01
-4.8610487201664176e-01
-6.3353765197544099e-01
-7.0643442560216518e-01
-9.7818719313766667e-01
1.3245199521340778e-01
-7.8278118557523424e-01
-4.9723677063284333e-01
6.9291781444698008e-01
-1.5893594927005561e-01
-5.4332954399141253e-01
5.1088172533120702e-01
4.0976755813778221e-01
9.7831756568019923e-01
3.9412775512574161e-01
3.2637290699296506e-01
-5.8561179889629900e-01
-6.2978174005943099e-01
6.2258234480717989e-01
-7.5922043078538293e-01
-8.7469377882535737e-01
5.8444799654187585e-01
-6.1124351705729918e-01
9.5644949244763766e-01
4.3538095856377557e-01
-3.6196047433550149e-01
-6.4406696731472757e-01
-7.4896104301962807e-01
9.9735716786528350e-01
-7.1559328827743474e-01
-5.6374468179269133e-01
2.5658647314506866e-01
-2.2860194396707523e-01
-6.7940359586050914e-01
-5.0068067508781922e-01
9.8302754795818847e-01
-1.7352439350474691e-01
2.6332028655154849e-01
9.9370032494582872e-01
9.8812450188047518e-01
-5.2159586817445169e-01
-7.3761878276083492e-02
1.6586081654045781e-01
9.7318421270730227e-01
9.3768299189610160e-01
-8.3313365775795123e-01
-8.5888124708826830e-01
-8.9912177452196151e-01
1.1218739449571768e-01
-4.5503308970497469e-01
-8.8824198525277986e-01
-7.0079274962814264e-01
3.4613729648434433e-01
1.1293711005678908e-01
-2.8594714029916102e-01
-3.1091651876674287e-02
-1.0765872558684231e-01
8.0429871073646142e-01
-9.6079758135793514e-01
1.6132619620036093e-01
1.1686513225954664e-01
6.9023638617299721e-01
6.4472478995389504e-01
-6.9289494355463344e-01
2.2938161306130134e-02
-3.8216080198119728e-01
-2.2434377019851526e-01
3.5584197609287616e-01
-4.9141165537662201e-01
5.1044909768341395e-01
9.9099974615443509e-01
5.5876128520051749e-01
-3.0076833916785550e-01
4.4726524330903539e-01
-7.0361705915913753e-01
8.5514607717065427e-03
5.9487369021039305e-01
7.0898682134479940e-01
-4.4850358339545970e-01
3.0831841091194301e-01
1.0705069647962295e-01
-1.7782236394030038e-01
