-0.069359 -0.096286 -0.13663 -0.17849 -0.21922 -0.25752 -0.29303 -0.32543 -0.35465 -0.38052 -0.40305 -0.42214 -0.43781 -0.45 -0.45873 -0.46396 -0.46572 
0.013714 -0.033414 -0.079089 -0.12234 -0.16364 -0.20214 -0.2378 -0.27026 -0.29953 -0.32542 -0.34798 -0.36708 -0.38276 -0.39496 -0.4037 -0.40893 -0.41068 
0.080964 0.028504 -0.020936 -0.066057 -0.10835 -0.14736 -0.18333 -0.21597 -0.24537 -0.27135 -0.29396 -0.3131 -0.32882 -0.34103 -0.34979 -0.35502 -0.35679 
0.13795 0.084101 0.03279 -0.013729 -0.05695 -0.096558 -0.13292 -0.16582 -0.19539 -0.22149 -0.2442 -0.2634 -0.27917 -0.29141 -0.30019 -0.30543 -0.3072 
0.18936 0.13494 0.082642 0.035192 -0.0087662 -0.048916 -0.085667 -0.11885 -0.14862 -0.17487 -0.19768 -0.21697 -0.23279 -0.24507 -0.25388 -0.25914 -0.26091 
0.23548 0.18085 0.12804 0.079996 0.035496 -0.0050994 -0.042201 -0.075647 -0.10563 -0.13203 -0.15496 -0.17433 -0.19022 -0.20255 -0.21139 -0.21666 -0.21844 
0.27727 0.2225 0.16938 0.12094 0.076054 0.035109 -0.0022878 -0.035974 -0.066146 -0.092698 -0.11575 -0.13521 -0.15116 -0.16354 -0.17241 -0.17771 -0.1795 
0.31464 0.25982 0.20651 0.15782 0.11265 0.071437 0.033801 -9.1095e-05 -0.030433 -0.057124 -0.080283 -0.099831 -0.11585 -0.12828 -0.13718 -0.1425 -0.14429 
0.34799 0.29311 0.23968 0.19081 0.14544 0.10402 0.06619 0.032128 0.0016388 -0.025175 -0.048434 -0.068063 -0.084147 -0.096623 -0.10556 -0.1109 -0.11269 
0.37722 0.32231 0.2688 0.2198 0.17429 0.13271 0.094735 0.060533 0.029921 0.0030013 -0.020346 -0.040048 -0.056188 -0.068707 -0.077672 -0.083026 -0.08483 
0.40253 0.3476 0.29402 0.24494 0.19931 0.15762 0.11952 0.085212 0.054499 0.027491 0.0040677 -0.015696 -0.031887 -0.044443 -0.053435 -0.058805 -0.060614 
0.42384 0.3689 0.31528 0.26614 0.22043 0.17865 0.14047 0.10607 0.075274 0.048193 0.024707 0.0048912 -0.011342 -0.023931 -0.032945 -0.038329 -0.040142 
0.44129 0.38634 0.33268 0.28349 0.23773 0.19589 0.15763 0.12317 0.092312 0.065175 0.041639 0.021781 0.0055131 -0.0071025 -0.016136 -0.021531 -0.023347 
0.4548 0.39985 0.34618 0.29695 0.25115 0.20926 0.17096 0.13644 0.10554 0.07836 0.054786 0.034895 0.018601 0.0059651 -0.0030828 -0.0084865 -0.010306 
0.46448 0.40952 0.35583 0.30659 0.26076 0.21884 0.1805 0.14595 0.11502 0.087807 0.064207 0.044293 0.02798 0.015329 0.0062711 0.000861 -0.0009609 
0.47025 0.41529 0.3616 0.31234 0.2665 0.22456 0.1862 0.15164 0.12068 0.093453 0.069837 0.04991 0.033586 0.020926 0.011862 0.0064479 0.0046248 
0.4722 0.41724 0.36354 0.31428 0.26843 0.22648 0.18812 0.15355 0.12259 0.095354 0.071733 0.051802 0.035474 0.022811 0.013744 0.0083294 0.0065058 
