0 0 0 0 0 0 0 0 0 0 0 0 0 0 0 0 
0 0.49571 0.29386 0.19692 0.14231 0.10757 0.08346 0.065699 0.052054 0.041242 0.032461 0.02517 0.018979 0.01359 0.0087639 0.004295 
0 0.68896 0.48283 0.35149 0.26477 0.2045 0.16057 0.12728 0.10128 0.080454 0.063433 0.04924 0.037155 0.026618 0.01717 0.0084161 
0 0.77729 0.59701 0.46144 0.36077 0.28509 0.22704 0.18159 0.14531 0.11587 0.091576 0.071201 0.053784 0.038558 0.024883 0.012199 
0 0.82321 0.66647 0.5365 0.43178 0.34805 0.28092 0.22671 0.18252 0.14612 0.1158 0.090203 0.068221 0.048947 0.031603 0.015498 
0 0.84907 0.70918 0.5863 0.48179 0.39441 0.32189 0.26181 0.21192 0.1703 0.13532 0.10559 0.07995 0.057407 0.037083 0.018191 
0 0.8639 0.73486 0.61773 0.51469 0.42591 0.35043 0.28671 0.23306 0.18785 0.14957 0.11688 0.088585 0.063649 0.041132 0.020181 
0 0.87166 0.74865 0.63508 0.5333 0.44412 0.36721 0.30153 0.24577 0.19847 0.15824 0.12376 0.093866 0.067472 0.043614 0.021402 
0 0.87408 0.753 0.64062 0.53933 0.45008 0.37273 0.30645 0.25 0.20202 0.16114 0.12608 0.095642 0.068759 0.04445 0.021814 
0 0.87166 0.74865 0.63508 0.5333 0.44412 0.36721 0.30153 0.24577 0.19847 0.15824 0.12376 0.093866 0.067472 0.043614 0.021402 
0 0.8639 0.73486 0.61773 0.51469 0.42591 0.35043 0.28671 0.23306 0.18785 0.14957 0.11688 0.088585 0.063649 0.041132 0.020181 
0 0.84907 0.70918 0.5863 0.48179 0.39441 0.32189 0.26181 0.21192 0.1703 0.13532 0.10559 0.07995 0.057407 0.037083 0.018191 
0 0.82321 0.66647 0.5365 0.43178 0.34805 0.28092 0.22671 0.18252 0.14612 0.1158 0.090203 0.068221 0.048947 0.031603 0.015498 
0 0.77729 0.59701 0.46144 0.36077 0.28509 0.22704 0.18159 0.14531 0.11587 0.091576 0.071201 0.053784 0.038558 0.024883 0.012199 
0 0.68896 0.48283 0.35149 0.26477 0.2045 0.16057 0.12728 0.10128 0.080454 0.063433 0.04924 0.037155 0.026618 0.01717 0.0084161 
0 0.49571 0.29386 0.19692 0.14231 0.10757 0.08346 0.065699 0.052054 0.041242 0.032461 0.02517 0.018979 0.01359 0.0087639 0.004295 
