0     1
0.0418879     1.00223
0.0837758     1.00888
0.125664     1.01979
0.167552     1.03469
0.20944     1.0532
0.251327     1.07482
0.293215     1.0989
0.335103     1.12467
0.376991     1.15119
0.418879     1.17737
0.460767     1.20198
0.502655     1.22361
0.544543     1.24075
0.586431     1.25175
0.628319     1.25489
0.670206     1.24845
0.712094     1.23069
0.753982     1.20002
0.79587     1.15501
0.837758     1.09451
0.879646     1.01774
0.921534     0.924362
0.963422     0.814592
1.00531     0.689247
1.0472     0.549803
1.08909     0.398404
1.13097     0.23786
1.17286     0.0715908
1.21475     -0.096461
1.25664     -0.261949
1.29852     -0.420289
1.34041     -0.566841
1.3823     -0.697105
1.42419     -0.80693
1.46608     -0.892716
1.50796     -0.951586
1.54985     -0.981535
1.59174     -0.981536
1.63363     -0.951586
1.67552     -0.892715
1.7174     -0.80693
1.75929     -0.697105
1.80118     -0.566841
1.84307     -0.42029
1.88496     -0.261948
1.92684     -0.0964595
1.96873     0.0715898
2.01062     0.237859
2.05251     0.398404
2.0944     0.549803
2.13628     0.689247
2.17817     0.814591
2.22006     0.924361
2.26195     1.01774
2.30383     1.09451
2.34572     1.15501
2.38761     1.20002
2.4295     1.23069
2.47139     1.24845
2.51327     1.25489
2.55516     1.25175
2.59705     1.24075
2.63894     1.22361
2.68083     1.20197
2.72271     1.17737
2.7646     1.15119
2.80649     1.12467
2.84838     1.0989
2.89027     1.07482
2.93215     1.0532
2.97404     1.03469
3.01593     1.01979
3.05782     1.00888
3.0997     1.00223
3.14159     1
3.18348     1.00223
3.22537     1.00888
3.26726     1.01979
3.30914     1.03469
3.35103     1.0532
3.39292     1.07482
3.43481     1.0989
3.4767     1.12467
3.51858     1.15119
3.56047     1.17737
3.60236     1.20198
3.64425     1.22361
3.68614     1.24075
3.72802     1.25175
3.76991     1.2549
3.8118     1.24845
3.85369     1.2307
3.89557     1.20003
3.93746     1.15502
3.97935     1.09452
4.02124     1.01774
4.06313     0.924364
4.10501     0.814594
4.1469     0.68925
4.18879     0.549805
4.23068     0.398405
4.27257     0.237859
4.31445     0.0715908
4.35634     -0.0964599
4.39823     -0.261948
4.44012     -0.420289
4.48201     -0.566841
4.52389     -0.697106
4.56578     -0.806931
4.60767     -0.892718
4.64956     -0.951588
4.69145     -0.981537
4.73333     -0.981537
4.77522     -0.951588
4.81711     -0.892718
4.859     -0.806932
4.90088     -0.697107
4.94277     -0.566842
4.98466     -0.42029
5.02655     -0.261949
5.06844     -0.0964611
5.11032     0.0715897
5.15221     0.237859
5.1941     0.398403
5.23599     0.549803
5.27788     0.689248
5.31976     0.814593
5.36165     0.924363
5.40354     1.01774
5.44543     1.09451
5.48732     1.15502
5.5292     1.20003
5.57109     1.2307
5.61298     1.24845
5.65487     1.2549
5.69675     1.25175
5.73864     1.24075
5.78053     1.22361
5.82242     1.20198
5.86431     1.17737
5.90619     1.15119
5.94808     1.12467
5.98997     1.0989
6.03186     1.07482
6.07375     1.0532
6.11563     1.03469
6.15752     1.01979
6.19941     1.00889
6.2413     1.00224
6.28319     1
