-1.88347 -1.88347
-1.72959 -1.72959
-1.59444 -1.59444
-1.47506 -1.47506
-1.36902 -1.36902
-1.27439 -1.27439
-1.18956 -1.18956
-1.11319 -1.11319
-1.04417 -1.04417
-0.981582 -0.981582
-0.924629 -0.924629
-0.872645 -0.872645
-0.825058 -0.825058
-0.781378 -0.781378
-0.741181 -0.741181
-0.7041 -0.7041
-0.669816 -0.669816
-0.638051 -0.638051
-0.608558 -0.608558
-0.581123 -0.581123
-0.555556 -0.555556
-0.531687 -0.531687
-0.509368 -0.509368
-0.488466 -0.488466
-0.468859 -0.468859
-0.450443 -0.450443
-0.433121 -0.433121
-0.416807 -0.416807
-0.401422 -0.401422
-0.386897 -0.386897
-0.373167 -0.373167
-0.360175 -0.360175
-0.347868 -0.347868
-0.336197 -0.336197
-0.32512 -0.32512
-0.314595 -0.314595
-0.304587 -0.304587
-0.295061 -0.295061
-0.285986 -0.285986
-0.277335 -0.277335
-0.26908 -0.26908
-0.261197 -0.261197
-0.253664 -0.253664
-0.246461 -0.246461
-0.239568 -0.239568
-0.232967 -0.232967
-0.226642 -0.226642
-0.220577 -0.220577
-0.214759 -0.214759
-0.209173 -0.209173
-0.203807 -0.203807
-0.198651 -0.198651
-0.193692 -0.193692
-0.188921 -0.188921
-0.184328 -0.184328
-0.179904 -0.179904
-0.175642 -0.175642
-0.171533 -0.171533
-0.167569 -0.167569
-0.163745 -0.163745
-0.160053 -0.160053
-0.156487 -0.156487
-0.153042 -0.153042
-0.149712 -0.149712
-0.146491 -0.146491
-0.143376 -0.143376
-0.140362 -0.140362
-0.137443 -0.137443
-0.134617 -0.134617
-0.131879 -0.131879
-0.129225 -0.129225
-0.126652 -0.126652
-0.124158 -0.124158
-0.121737 -0.121737
-0.119388 -0.119388
-0.117108 -0.117108
-0.114895 -0.114895
-0.112744 -0.112744
-0.110655 -0.110655
-0.108624 -0.108624
-0.10665 -0.10665
-0.104731 -0.104731
-0.102864 -0.102864
-0.101047 -0.101047
-0.0992789 -0.0992789
-0.0975579 -0.0975579
-0.0958821 -0.0958821
-0.09425 -0.09425
-0.0926601 -0.0926601
-0.0911109 -0.0911109
-0.089601 -0.089601
-0.088129 -0.088129
-0.0866938 -0.0866938
-0.085294 -0.085294
-0.0839285 -0.0839285
-0.0825962 -0.0825962
-0.081296 -0.081296
-0.0800268 -0.0800268
-0.0787877 -0.0787877
-0.0775777 -0.0775777
